	GO:0007601	GO:0007156	GO:0007411	GO:0120039	GO:0000902	GO:0007416	GO:0007602	GO:0051128	GO:0008277	GO:0009583	GO:0050808	GO:0051261	GO:0031110	GO:0009581	GO:0009582	GO:0000278	GO:0009615	GO:0007019	GO:0009416	GO:0071526	GO:0051960	GO:0050919	GO:1901888	GO:0051606	GO:0007267	GO:0034329	GO:0007017	GO:0008380	GO:0006805	GO:0009410	GO:0051607	GO:0043122	GO:0042127	GO:0050804	GO:0031114	GO:0009605	GO:0048843	GO:0050922	GO:0032102	GO:0009607	GO:0050768	GO:0008283	GO:0043067	GO:0090066	GO:0050803	GO:0044419	GO:0006260	GO:0010721	GO:0010648	GO:0023057	GO:0045926	GO:0034504	GO:0040013	GO:0032535	GO:0048640	GO:0022402	GO:0050807	GO:0000226	GO:0051093	GO:0007018	GO:0002700	GO:0006606	GO:0007417	GO:0048584	GO:0060322	GO:0008037	GO:0032886	GO:0048002	GO:0009100	GO:0009968	GO:0001667	GO:0000280	GO:0097435	GO:0006911	GO:0006952	GO:0016049	GO:0007059	GO:0001755	GO:0002503	GO:0006915	GO:0002822	GO:0030261	GO:0051276	GO:0016071	GO:0006643	GO:0009890	GO:0002224	GO:0002764	GO:0010558	GO:0010557	GO:0009896	GO:0009891	GO:0003012	GO:0006405	GO:0002682	GO:0006406	GO:0007163	GO:0045892	GO:0045324	GO:0009187	GO:0051236	GO:0000819	GO:1902600	GO:0043488	GO:0009314	GO:0007040	GO:0019882	GO:0061024	GO:0031570	GO:0018105	GO:0006310	GO:0031349	GO:0010608	GO:0006302	GO:0009190	GO:0005996	GO:0060537
GO:0007601	1	0.046	0.038	0.033	0.076	0.069	0.038	0.06	0.035	0.041	0.048	0.031	0.029	0.073	0.073	0.082	0.066	0.028	0.061	0.046	0.094	0.051	0.035	0.116	0.094	0.04	0.116	0.028	0.053	0.082	0.047	0.029	0.065	0.035	0.02	0.116	0.021	0.037	0.054	0.116	0.053	0.116	0.047	0.082	0.082	0.172	0.034	0.031	0.054	0.081	0.081	0.034	0.081	0.049	0.045	0.102	0.037	0.063	0.081	0.073	0.043	0.019	0.118	0.081	0.082	0.116	0.065	0.082	0.036	0.033	0.051	0.038	0.061	0.039	0.082	0.102	0.116	0.044	0.028	0.061	0.034	0.028	0.048	0.029	0.049	0.054	0.046	0.042	0.03	0.03	0.054	0.054	0.368	0.027	0.094	0.018	0.116	0.011	0.05	0.027	0.068	0.042	0.031	0.018	0.082	0.032	0.116	0.061	0.058	0.02	0.032	0.048	0.038	0.024	0.017	0.063	0.061
GO:0007156	0.046	1	0.068	0.086	0.082	0.073	0.102	0.16	0.095	0.046	0.133	0.091	0.082	0.08	0.08	0.217	0.072	0.08	0.069	0.124	0.043	0.057	0.097	0.123	0.212	0.112	0.298	0.072	0.141	0.089	0.051	0.082	0.171	0.087	0.055	0.123	0.028	0.041	0.059	0.123	0.054	0.298	0.128	0.089	0.089	0.178	0.095	0.086	0.143	0.087	0.087	0.099	0.087	0.132	0.049	0.263	0.101	0.166	0.087	0.194	0.047	0.054	0.055	0.087	0.089	0.298	0.171	0.089	0.099	0.089	0.125	0.111	0.166	0.106	0.089	0.263	0.298	0.063	0.064	0.166	0.039	0.086	0.133	0.078	0.133	0.059	0.124	0.112	0.034	0.034	0.059	0.059	0.089	0.065	0.1	0.048	0.298	0.031	0.134	0.072	0.074	0.116	0.09	0.041	0.089	0.096	0.123	0.166	0.155	0.059	0.089	0.053	0.044	0.071	0.048	0.069	0.069
GO:0007411	0.038	0.068	1	0.485	0.275	0.248	0.127	0.176	0.094	0.106	0.142	0.094	0.081	0.155	0.09	0.102	0.108	0.11	0.075	0.102	0.21	0.332	0.119	0.123	0.106	0.131	0.131	0.047	0.152	0.17	0.081	0.081	0.092	0.058	0.077	0.215	0.502	0.265	0.134	0.123	0.285	0.131	0.073	0.042	0.042	0.072	0.059	0.23	0.084	0.046	0.046	0.057	0.106	0.163	0.064	0.125	0.122	0.14	0.098	0.179	0.031	0.042	0.258	0.106	0.148	0.131	0.092	0.042	0.064	0.097	0.162	0.115	0.181	0.101	0.095	0.125	0.131	0.23	0.071	0.083	0.053	0.083	0.142	0.05	0.075	0.035	0.102	0.104	0.024	0.024	0.035	0.035	0.079	0.046	0.05	0.039	0.131	0.028	0.081	0.048	0.039	0.117	0.055	0.035	0.095	0.096	0.054	0.181	0.088	0.042	0.057	0.074	0.026	0.071	0.037	0.037	0.113
GO:0120039	0.033	0.086	0.485	1	0.529	0.232	0.081	0.293	0.072	0.037	0.256	0.17	0.131	0.059	0.059	0.146	0.054	0.172	0.049	0.089	0.134	0.043	0.186	0.086	0.148	0.224	0.199	0.05	0.105	0.064	0.041	0.061	0.122	0.065	0.112	0.086	0.227	0.034	0.046	0.086	0.136	0.199	0.092	0.064	0.064	0.121	0.068	0.213	0.106	0.066	0.066	0.067	0.066	0.275	0.098	0.182	0.192	0.238	0.161	0.134	0.039	0.043	0.176	0.066	0.272	0.199	0.122	0.064	0.075	0.072	0.087	0.209	0.326	0.164	0.064	0.182	0.199	0.144	0.115	0.111	0.031	0.155	0.256	0.054	0.094	0.046	0.089	0.087	0.029	0.029	0.046	0.046	0.064	0.048	0.074	0.037	0.199	0.025	0.101	0.051	0.055	0.192	0.062	0.034	0.064	0.177	0.086	0.326	0.113	0.043	0.065	0.043	0.034	0.051	0.035	0.053	0.208
GO:0000902	0.076	0.082	0.275	0.529	1	0.207	0.057	0.091	0.057	0.067	0.086	0.065	0.052	0.11	0.11	0.123	0.098	0.051	0.101	0.075	0.244	0.084	0.058	0.16	0.13	0.071	0.16	0.055	0.079	0.123	0.07	0.052	0.097	0.058	0.035	0.16	0.126	0.056	0.081	0.16	0.137	0.16	0.077	0.123	0.123	0.221	0.06	0.21	0.081	0.112	0.112	0.067	0.112	0.08	0.163	0.141	0.06	0.094	0.272	0.11	0.064	0.034	0.327	0.112	0.514	0.16	0.097	0.123	0.059	0.05	0.084	0.076	0.101	0.063	0.123	0.141	0.16	0.162	0.05	0.101	0.06	0.064	0.086	0.057	0.08	0.081	0.075	0.063	0.049	0.049	0.081	0.081	0.123	0.048	0.13	0.033	0.16	0.021	0.075	0.053	0.102	0.069	0.061	0.03	0.123	0.069	0.16	0.101	0.087	0.042	0.057	0.072	0.069	0.048	0.036	0.095	0.413
GO:0007416	0.069	0.073	0.248	0.232	0.207	1	0.073	0.255	0.065	0.032	0.508	0.146	0.117	0.05	0.05	0.123	0.047	0.154	0.042	0.078	0.414	0.037	0.464	0.072	0.127	0.636	0.166	0.044	0.093	0.054	0.037	0.054	0.106	0.058	0.103	0.072	0.139	0.031	0.041	0.072	0.259	0.166	0.08	0.054	0.054	0.1	0.06	0.152	0.094	0.058	0.058	0.058	0.058	0.238	0.088	0.154	0.345	0.207	0.14	0.114	0.035	0.039	0.516	0.058	0.24	0.166	0.106	0.054	0.067	0.066	0.075	0.178	0.276	0.145	0.054	0.154	0.166	0.191	0.19	0.094	0.027	0.132	0.217	0.047	0.081	0.041	0.078	0.078	0.026	0.026	0.041	0.041	0.13	0.043	0.063	0.035	0.166	0.024	0.089	0.045	0.048	0.168	0.054	0.031	0.054	0.151	0.072	0.276	0.099	0.038	0.057	0.038	0.029	0.046	0.032	0.046	0.187
GO:0007602	0.038	0.102	0.127	0.081	0.057	0.073	1	0.316	0.481	0.676	0.104	0.083	0.194	0.418	0.418	0.145	0.151	0.077	0.395	0.546	0.115	0.151	0.222	0.289	0.34	0.095	0.181	0.072	0.211	0.132	0.113	0.431	0.328	0.311	0.149	0.289	0.116	0.184	0.258	0.168	0.136	0.181	0.264	0.123	0.123	0.098	0.086	0.187	0.346	0.257	0.168	0.088	0.168	0.151	0.115	0.171	0.234	0.126	0.168	0.137	0.112	0.059	0.044	0.246	0.06	0.181	0.328	0.06	0.09	0.454	0.102	0.093	0.121	0.094	0.132	0.171	0.181	0.066	0.067	0.121	0.145	0.08	0.104	0.076	0.107	0.128	0.546	0.523	0.089	0.089	0.128	0.128	0.06	0.068	0.211	0.055	0.181	0.094	0.111	0.073	0.054	0.099	0.083	0.12	0.34	0.085	0.075	0.121	0.237	0.064	0.083	0.174	0.112	0.151	0.056	0.052	0.05
GO:0051128	0.06	0.16	0.176	0.293	0.091	0.255	0.316	1	0.328	0.057	0.435	0.327	0.548	0.088	0.088	0.235	0.081	0.281	0.08	0.396	0.186	0.069	0.667	0.123	0.228	0.376	0.3	0.105	0.164	0.097	0.06	0.302	0.549	0.325	0.421	0.123	0.19	0.151	0.209	0.123	0.195	0.3	0.442	0.214	0.214	0.167	0.124	0.286	0.425	0.278	0.278	0.134	0.278	0.506	0.179	0.272	0.699	0.388	0.278	0.214	0.172	0.075	0.066	0.278	0.097	0.3	0.549	0.097	0.124	0.278	0.155	0.38	0.518	0.281	0.097	0.272	0.3	0.088	0.218	0.193	0.175	0.316	0.435	0.111	0.16	0.209	0.396	0.342	0.137	0.137	0.209	0.209	0.097	0.093	0.36	0.069	0.3	0.131	0.157	0.104	0.083	0.321	0.124	0.166	0.097	0.342	0.123	0.518	0.397	0.089	0.118	0.191	0.195	0.1	0.075	0.078	0.08
GO:0008277	0.035	0.095	0.094	0.072	0.057	0.065	0.481	0.328	1	0.091	0.097	0.073	0.19	0.135	0.135	0.145	0.104	0.069	0.116	0.537	0.122	0.104	0.221	0.188	0.344	0.087	0.188	0.062	0.209	0.145	0.078	0.672	0.343	0.438	0.142	0.188	0.112	0.197	0.28	0.188	0.128	0.188	0.269	0.134	0.134	0.105	0.078	0.182	0.443	0.375	0.184	0.079	0.184	0.151	0.121	0.175	0.235	0.123	0.184	0.135	0.118	0.052	0.042	0.375	0.06	0.188	0.343	0.06	0.083	0.68	0.095	0.084	0.116	0.087	0.145	0.175	0.188	0.058	0.058	0.116	0.222	0.069	0.097	0.067	0.101	0.137	0.537	0.578	0.092	0.092	0.137	0.137	0.06	0.059	0.236	0.047	0.188	0.085	0.106	0.063	0.053	0.092	0.074	0.112	0.145	0.075	0.077	0.116	0.238	0.055	0.075	0.26	0.12	0.141	0.047	0.051	0.048
GO:0009583	0.041	0.046	0.106	0.037	0.067	0.032	0.676	0.057	0.091	1	0.048	0.035	0.033	0.619	0.619	0.071	0.208	0.032	0.598	0.102	0.041	0.208	0.038	0.417	0.081	0.042	0.093	0.033	0.103	0.173	0.146	0.08	0.06	0.038	0.024	0.417	0.056	0.15	0.234	0.226	0.025	0.093	0.047	0.071	0.071	0.128	0.037	0.034	0.052	0.073	0.073	0.038	0.073	0.048	0.045	0.086	0.039	0.059	0.073	0.066	0.044	0.023	0.048	0.176	0.071	0.093	0.06	0.071	0.039	0.086	0.05	0.041	0.057	0.041	0.173	0.086	0.093	0.028	0.032	0.057	0.089	0.034	0.048	0.033	0.048	0.052	0.102	0.093	0.033	0.033	0.052	0.052	0.071	0.031	0.081	0.023	0.093	0.014	0.05	0.032	0.062	0.044	0.035	0.022	0.501	0.037	0.093	0.057	0.056	0.025	0.035	0.117	0.041	0.071	0.022	0.059	0.057
GO:0050808	0.048	0.133	0.142	0.256	0.086	0.508	0.104	0.435	0.097	0.048	1	0.288	0.198	0.083	0.083	0.227	0.074	0.248	0.071	0.128	0.045	0.059	0.385	0.128	0.22	0.549	0.311	0.074	0.145	0.093	0.052	0.084	0.177	0.089	0.154	0.128	0.065	0.042	0.061	0.128	0.055	0.311	0.132	0.093	0.093	0.187	0.098	0.087	0.147	0.089	0.089	0.103	0.089	0.416	0.051	0.274	0.577	0.367	0.089	0.201	0.048	0.055	0.056	0.089	0.093	0.311	0.177	0.093	0.102	0.09	0.129	0.352	0.527	0.245	0.093	0.274	0.311	0.064	0.176	0.173	0.04	0.271	0.422	0.08	0.137	0.061	0.128	0.114	0.035	0.035	0.061	0.061	0.093	0.066	0.104	0.048	0.311	0.031	0.137	0.074	0.077	0.289	0.093	0.042	0.093	0.304	0.128	0.527	0.16	0.061	0.092	0.054	0.046	0.072	0.049	0.071	0.071
GO:0051261	0.031	0.091	0.094	0.17	0.065	0.146	0.083	0.327	0.073	0.035	0.288	1	0.126	0.063	0.063	0.172	0.057	0.638	0.052	0.095	0.033	0.043	0.192	0.101	0.172	0.243	0.245	0.046	0.113	0.071	0.041	0.059	0.137	0.065	0.407	0.101	0.044	0.033	0.047	0.101	0.04	0.245	0.098	0.071	0.071	0.151	0.068	0.066	0.115	0.072	0.072	0.067	0.072	0.306	0.04	0.218	0.199	0.26	0.072	0.154	0.038	0.039	0.041	0.072	0.071	0.245	0.137	0.071	0.076	0.072	0.092	0.226	0.381	0.166	0.071	0.218	0.245	0.044	0.162	0.125	0.028	0.155	0.288	0.051	0.101	0.047	0.095	0.09	0.026	0.026	0.047	0.047	0.071	0.044	0.083	0.034	0.245	0.021	0.108	0.047	0.059	0.2	0.061	0.03	0.071	0.184	0.101	0.381	0.124	0.038	0.064	0.043	0.032	0.048	0.03	0.055	0.052
GO:0031110	0.029	0.082	0.081	0.131	0.052	0.117	0.194	0.548	0.19	0.033	0.198	0.126	1	0.051	0.051	0.133	0.047	0.444	0.043	0.215	0.107	0.038	0.351	0.073	0.136	0.177	0.326	0.05	0.1	0.055	0.037	0.163	0.324	0.185	0.688	0.073	0.096	0.093	0.122	0.073	0.113	0.177	0.248	0.125	0.125	0.102	0.067	0.164	0.249	0.169	0.169	0.065	0.169	0.268	0.107	0.165	0.369	0.576	0.169	0.227	0.104	0.043	0.037	0.169	0.055	0.177	0.556	0.055	0.073	0.174	0.083	0.232	0.257	0.13	0.055	0.165	0.177	0.048	0.088	0.103	0.094	0.16	0.294	0.054	0.089	0.122	0.215	0.208	0.079	0.079	0.122	0.122	0.055	0.048	0.221	0.039	0.177	0.073	0.096	0.051	0.048	0.212	0.061	0.099	0.055	0.189	0.073	0.257	0.216	0.044	0.064	0.113	0.102	0.051	0.037	0.046	0.043
GO:0009581	0.073	0.08	0.155	0.059	0.11	0.05	0.418	0.088	0.135	0.619	0.083	0.063	0.051	1	0.474	0.119	0.342	0.05	0.236	0.164	0.062	0.342	0.057	0.687	0.126	0.069	0.154	0.054	0.16	0.289	0.227	0.124	0.094	0.057	0.035	0.687	0.075	0.216	0.351	0.373	0.035	0.154	0.075	0.119	0.119	0.211	0.059	0.05	0.079	0.109	0.109	0.065	0.109	0.077	0.066	0.136	0.059	0.091	0.109	0.106	0.063	0.034	0.077	0.264	0.119	0.154	0.094	0.119	0.058	0.119	0.081	0.073	0.097	0.062	0.289	0.136	0.154	0.043	0.049	0.097	0.143	0.062	0.083	0.056	0.077	0.079	0.164	0.136	0.049	0.049	0.079	0.079	0.119	0.048	0.126	0.033	0.154	0.021	0.074	0.052	0.099	0.068	0.06	0.029	0.289	0.067	0.154	0.097	0.085	0.041	0.056	0.172	0.067	0.113	0.035	0.092	0.097
GO:0009582	0.073	0.08	0.09	0.059	0.11	0.05	0.418	0.088	0.135	0.619	0.083	0.063	0.051	0.474	1	0.119	0.197	0.05	0.434	0.164	0.062	0.197	0.057	0.687	0.126	0.069	0.154	0.054	0.16	0.289	0.134	0.124	0.094	0.057	0.035	0.373	0.042	0.121	0.191	0.373	0.035	0.154	0.075	0.119	0.119	0.211	0.059	0.05	0.079	0.109	0.109	0.065	0.109	0.077	0.066	0.136	0.059	0.091	0.109	0.106	0.063	0.034	0.077	0.264	0.119	0.154	0.094	0.119	0.058	0.119	0.081	0.073	0.097	0.062	0.289	0.136	0.154	0.043	0.049	0.097	0.143	0.062	0.083	0.056	0.077	0.079	0.164	0.136	0.049	0.049	0.079	0.079	0.119	0.048	0.126	0.033	0.154	0.021	0.074	0.052	0.099	0.068	0.06	0.029	0.532	0.067	0.154	0.097	0.085	0.041	0.056	0.172	0.067	0.113	0.035	0.092	0.097
GO:0000278	0.082	0.217	0.102	0.146	0.123	0.123	0.145	0.235	0.145	0.071	0.227	0.172	0.133	0.119	0.119	1	0.106	0.129	0.11	0.193	0.067	0.09	0.148	0.176	0.307	0.186	0.428	0.132	0.204	0.135	0.073	0.133	0.252	0.137	0.088	0.176	0.043	0.058	0.085	0.176	0.083	0.428	0.2	0.135	0.135	0.246	0.156	0.129	0.207	0.12	0.12	0.176	0.12	0.207	0.071	0.631	0.154	0.244	0.12	0.289	0.067	0.085	0.085	0.12	0.135	0.428	0.252	0.135	0.151	0.125	0.203	0.2	0.267	0.163	0.135	0.373	0.428	0.104	0.112	0.267	0.064	0.17	0.227	0.141	0.207	0.085	0.193	0.159	0.052	0.052	0.085	0.085	0.135	0.111	0.141	0.078	0.428	0.052	0.193	0.13	0.11	0.311	0.159	0.065	0.135	0.182	0.176	0.267	0.369	0.107	0.146	0.076	0.073	0.122	0.088	0.102	0.11
GO:0009615	0.066	0.072	0.108	0.054	0.098	0.047	0.151	0.081	0.104	0.208	0.074	0.057	0.047	0.342	0.197	0.106	1	0.046	0.173	0.122	0.057	0.235	0.053	0.289	0.114	0.063	0.136	0.05	0.122	0.218	0.632	0.092	0.086	0.053	0.033	0.508	0.055	0.158	0.26	0.508	0.034	0.136	0.069	0.106	0.106	0.448	0.054	0.047	0.073	0.099	0.099	0.059	0.099	0.071	0.062	0.122	0.055	0.083	0.099	0.096	0.059	0.032	0.071	0.212	0.106	0.136	0.086	0.106	0.054	0.096	0.074	0.066	0.087	0.058	0.218	0.122	0.136	0.04	0.046	0.087	0.105	0.056	0.074	0.051	0.071	0.073	0.122	0.107	0.046	0.046	0.073	0.073	0.106	0.045	0.114	0.031	0.136	0.02	0.068	0.048	0.089	0.063	0.055	0.028	0.218	0.06	0.136	0.087	0.078	0.039	0.052	0.136	0.061	0.082	0.033	0.084	0.087
GO:0007019	0.028	0.08	0.11	0.172	0.051	0.154	0.077	0.281	0.069	0.032	0.248	0.638	0.444	0.05	0.05	0.129	0.046	1	0.041	0.084	0.031	0.037	0.188	0.071	0.133	0.222	0.318	0.049	0.098	0.053	0.037	0.059	0.111	0.063	0.665	0.071	0.057	0.031	0.041	0.071	0.044	0.173	0.085	0.053	0.053	0.099	0.065	0.064	0.099	0.057	0.057	0.064	0.057	0.265	0.036	0.16	0.193	0.612	0.057	0.222	0.035	0.043	0.036	0.057	0.053	0.173	0.205	0.053	0.071	0.069	0.081	0.28	0.479	0.169	0.053	0.16	0.173	0.047	0.159	0.101	0.027	0.209	0.342	0.053	0.087	0.041	0.084	0.083	0.026	0.026	0.041	0.041	0.053	0.048	0.063	0.038	0.173	0.026	0.094	0.05	0.047	0.252	0.06	0.034	0.053	0.238	0.071	0.306	0.104	0.043	0.063	0.038	0.029	0.051	0.036	0.045	0.041
GO:0009416	0.061	0.069	0.075	0.049	0.101	0.042	0.395	0.08	0.116	0.598	0.071	0.052	0.043	0.236	0.434	0.11	0.173	0.041	1	0.141	0.053	0.173	0.049	0.357	0.119	0.059	0.147	0.044	0.139	0.267	0.114	0.104	0.085	0.049	0.028	0.357	0.034	0.105	0.171	0.357	0.03	0.147	0.066	0.11	0.11	0.21	0.05	0.043	0.071	0.101	0.101	0.054	0.101	0.068	0.059	0.129	0.051	0.082	0.101	0.097	0.056	0.028	0.068	0.246	0.11	0.147	0.085	0.11	0.05	0.104	0.072	0.061	0.087	0.054	0.267	0.129	0.147	0.036	0.041	0.087	0.12	0.05	0.071	0.046	0.068	0.071	0.141	0.119	0.042	0.042	0.071	0.071	0.11	0.04	0.119	0.027	0.147	0.016	0.066	0.042	0.09	0.059	0.049	0.025	0.812	0.055	0.147	0.087	0.077	0.033	0.047	0.153	0.057	0.092	0.028	0.083	0.087
GO:0071526	0.046	0.124	0.102	0.089	0.075	0.078	0.546	0.396	0.537	0.102	0.128	0.095	0.215	0.164	0.164	0.193	0.122	0.084	0.141	1	0.134	0.122	0.252	0.239	0.446	0.111	0.254	0.078	0.248	0.179	0.085	0.472	0.418	0.348	0.152	0.239	0.09	0.153	0.224	0.239	0.136	0.254	0.32	0.169	0.169	0.145	0.097	0.202	0.416	0.327	0.214	0.101	0.214	0.184	0.132	0.231	0.27	0.156	0.214	0.176	0.127	0.059	0.053	0.316	0.08	0.254	0.418	0.08	0.1	0.491	0.122	0.111	0.154	0.106	0.179	0.231	0.254	0.068	0.07	0.154	0.166	0.09	0.128	0.083	0.128	0.153	0.645	0.59	0.096	0.096	0.153	0.153	0.08	0.071	0.285	0.053	0.254	0.087	0.13	0.078	0.068	0.115	0.093	0.116	0.179	0.099	0.105	0.154	0.28	0.066	0.092	0.204	0.133	0.162	0.055	0.065	0.063
GO:0051960	0.094	0.043	0.21	0.134	0.244	0.414	0.115	0.186	0.122	0.041	0.045	0.033	0.107	0.062	0.062	0.067	0.057	0.031	0.053	0.134	1	0.047	0.124	0.087	0.076	0.039	0.087	0.031	0.049	0.067	0.045	0.108	0.195	0.124	0.079	0.087	0.244	0.113	0.149	0.087	0.536	0.087	0.153	0.15	0.15	0.119	0.035	0.262	0.149	0.202	0.202	0.036	0.202	0.101	0.266	0.08	0.136	0.055	0.412	0.062	0.126	0.022	0.595	0.202	0.281	0.087	0.195	0.067	0.037	0.103	0.047	0.039	0.053	0.039	0.067	0.08	0.087	0.207	0.03	0.053	0.12	0.032	0.045	0.032	0.046	0.149	0.134	0.124	0.098	0.098	0.149	0.149	0.162	0.03	0.261	0.022	0.087	0.048	0.047	0.03	0.059	0.041	0.033	0.069	0.067	0.034	0.087	0.053	0.132	0.024	0.034	0.138	0.132	0.028	0.022	0.056	0.222
GO:0050919	0.051	0.057	0.332	0.043	0.084	0.037	0.151	0.069	0.104	0.208	0.059	0.043	0.038	0.342	0.197	0.09	0.235	0.037	0.173	0.122	0.047	1	0.044	0.289	0.1	0.051	0.119	0.039	0.209	0.402	0.156	0.092	0.073	0.044	0.026	0.508	0.165	0.474	0.26	0.289	0.028	0.119	0.057	0.09	0.09	0.166	0.044	0.039	0.062	0.087	0.087	0.046	0.212	0.058	0.052	0.107	0.045	0.071	0.087	0.081	0.05	0.026	0.058	0.212	0.09	0.119	0.073	0.09	0.045	0.096	0.148	0.051	0.071	0.047	0.218	0.107	0.119	0.078	0.037	0.071	0.105	0.042	0.059	0.04	0.058	0.062	0.122	0.107	0.038	0.038	0.062	0.062	0.09	0.036	0.1	0.025	0.119	0.015	0.058	0.037	0.076	0.051	0.042	0.023	0.218	0.045	0.119	0.071	0.067	0.029	0.041	0.136	0.049	0.082	0.025	0.071	0.071
GO:1901888	0.035	0.097	0.119	0.186	0.058	0.464	0.222	0.667	0.221	0.038	0.385	0.192	0.351	0.057	0.057	0.148	0.053	0.188	0.049	0.252	0.124	0.044	1	0.079	0.15	0.69	0.192	0.063	0.112	0.061	0.042	0.196	0.362	0.217	0.291	0.079	0.138	0.107	0.139	0.079	0.136	0.192	0.285	0.137	0.137	0.107	0.079	0.193	0.284	0.187	0.187	0.08	0.187	0.332	0.123	0.178	0.543	0.249	0.187	0.138	0.119	0.052	0.042	0.187	0.061	0.192	0.362	0.061	0.084	0.199	0.097	0.226	0.324	0.182	0.061	0.178	0.192	0.058	0.235	0.119	0.112	0.18	0.266	0.068	0.103	0.139	0.252	0.238	0.093	0.093	0.139	0.139	0.061	0.06	0.24	0.047	0.192	0.091	0.108	0.064	0.054	0.208	0.075	0.119	0.061	0.198	0.079	0.324	0.254	0.055	0.076	0.129	0.122	0.063	0.047	0.052	0.049
GO:0051606	0.116	0.123	0.123	0.086	0.16	0.072	0.289	0.123	0.188	0.417	0.128	0.101	0.073	0.687	0.687	0.176	0.289	0.071	0.357	0.239	0.087	0.289	0.079	1	0.176	0.104	0.224	0.081	0.227	0.428	0.189	0.178	0.133	0.079	0.048	0.543	0.055	0.163	0.263	0.543	0.047	0.224	0.108	0.176	0.176	0.306	0.086	0.069	0.108	0.148	0.148	0.101	0.148	0.112	0.089	0.193	0.082	0.128	0.148	0.154	0.085	0.046	0.112	0.36	0.176	0.224	0.133	0.176	0.081	0.156	0.119	0.116	0.147	0.087	0.428	0.193	0.224	0.061	0.07	0.147	0.209	0.102	0.128	0.084	0.113	0.108	0.239	0.185	0.067	0.067	0.108	0.108	0.176	0.068	0.176	0.045	0.224	0.028	0.101	0.077	0.141	0.096	0.091	0.039	0.428	0.107	0.224	0.147	0.119	0.062	0.081	0.233	0.1	0.167	0.052	0.13	0.147
GO:0007267	0.094	0.212	0.106	0.148	0.13	0.127	0.34	0.228	0.344	0.081	0.22	0.172	0.136	0.126	0.126	0.307	0.114	0.133	0.119	0.446	0.076	0.1	0.15	0.176	1	0.185	0.39	0.136	0.201	0.141	0.082	0.322	0.243	0.46	0.093	0.176	0.046	0.066	0.094	0.176	0.087	0.39	0.197	0.141	0.141	0.234	0.158	0.133	0.362	0.305	0.126	0.176	0.126	0.203	0.079	0.346	0.155	0.236	0.126	0.274	0.076	0.09	0.095	0.126	0.141	0.39	0.243	0.141	0.153	0.295	0.199	0.197	0.254	0.164	0.141	0.346	0.39	0.109	0.117	0.254	0.074	0.17	0.22	0.144	0.204	0.094	0.446	0.371	0.06	0.06	0.094	0.094	0.141	0.116	0.145	0.083	0.39	0.056	0.191	0.134	0.117	0.178	0.161	0.069	0.141	0.181	0.176	0.254	0.221	0.113	0.149	0.085	0.084	0.126	0.094	0.11	0.119
GO:0034329	0.04	0.112	0.131	0.224	0.071	0.636	0.095	0.376	0.087	0.042	0.549	0.243	0.177	0.069	0.069	0.186	0.063	0.222	0.059	0.111	0.039	0.051	0.69	0.104	0.185	1	0.253	0.065	0.127	0.077	0.047	0.075	0.151	0.08	0.142	0.104	0.062	0.038	0.053	0.104	0.051	0.253	0.114	0.077	0.077	0.149	0.085	0.079	0.129	0.077	0.077	0.087	0.077	0.357	0.045	0.228	0.356	0.315	0.077	0.169	0.043	0.051	0.048	0.077	0.077	0.253	0.151	0.077	0.091	0.083	0.11	0.293	0.437	0.217	0.077	0.228	0.253	0.058	0.299	0.144	0.035	0.227	0.351	0.07	0.118	0.053	0.111	0.103	0.032	0.032	0.053	0.053	0.077	0.06	0.088	0.045	0.253	0.03	0.121	0.065	0.065	0.253	0.08	0.039	0.077	0.254	0.104	0.437	0.139	0.054	0.081	0.048	0.039	0.064	0.044	0.061	0.059
GO:0007017	0.116	0.298	0.131	0.199	0.16	0.166	0.181	0.3	0.188	0.093	0.311	0.245	0.326	0.154	0.154	0.428	0.136	0.318	0.147	0.254	0.087	0.119	0.192	0.224	0.39	0.253	1	0.186	0.259	0.176	0.092	0.178	0.323	0.181	0.206	0.224	0.055	0.072	0.108	0.224	0.107	0.543	0.263	0.176	0.176	0.306	0.21	0.167	0.263	0.148	0.148	0.246	0.148	0.273	0.089	0.469	0.2	0.573	0.148	0.687	0.085	0.113	0.112	0.148	0.176	0.543	0.595	0.176	0.197	0.156	0.272	0.281	0.357	0.212	0.176	0.469	0.543	0.14	0.154	0.357	0.086	0.247	0.311	0.197	0.274	0.108	0.254	0.2	0.067	0.067	0.108	0.108	0.176	0.152	0.176	0.104	0.543	0.069	0.244	0.18	0.141	0.234	0.221	0.085	0.176	0.261	0.224	0.357	0.289	0.15	0.196	0.096	0.1	0.167	0.124	0.13	0.147
GO:0008380	0.028	0.072	0.047	0.05	0.055	0.044	0.072	0.105	0.062	0.033	0.074	0.046	0.05	0.054	0.054	0.132	0.05	0.049	0.044	0.078	0.031	0.039	0.063	0.081	0.136	0.065	0.186	1	0.23	0.059	0.038	0.05	0.11	0.055	0.036	0.081	0.02	0.032	0.043	0.081	0.036	0.186	0.08	0.059	0.059	0.117	0.247	0.057	0.096	0.063	0.063	0.053	0.063	0.082	0.037	0.17	0.065	0.108	0.063	0.121	0.233	0.035	0.037	0.063	0.059	0.186	0.11	0.059	0.379	0.064	0.074	0.058	0.097	0.068	0.059	0.17	0.186	0.038	0.036	0.097	0.027	0.04	0.074	0.692	0.313	0.104	0.078	0.078	0.163	0.163	0.104	0.104	0.059	0.038	0.07	0.2	0.186	0.272	0.091	0.358	0.051	0.073	0.05	0.319	0.059	0.047	0.081	0.097	0.102	0.195	0.567	0.039	0.292	0.44	0.262	0.264	0.044
GO:0006805	0.053	0.141	0.152	0.105	0.079	0.093	0.211	0.164	0.209	0.103	0.145	0.113	0.1	0.16	0.16	0.204	0.122	0.098	0.139	0.248	0.049	0.209	0.112	0.227	0.201	0.127	0.259	0.23	1	0.484	0.088	0.186	0.172	0.104	0.072	0.227	0.074	0.141	0.127	0.227	0.069	0.259	0.139	0.084	0.084	0.142	0.273	0.101	0.15	0.083	0.083	0.119	0.083	0.143	0.054	0.237	0.115	0.168	0.083	0.188	0.107	0.07	0.059	0.176	0.084	0.259	0.172	0.084	0.276	0.196	0.137	0.129	0.169	0.12	0.173	0.237	0.259	0.082	0.085	0.169	0.089	0.11	0.145	0.243	0.347	0.15	0.248	0.227	0.098	0.098	0.15	0.15	0.084	0.085	0.092	0.105	0.259	0.11	0.142	0.229	0.073	0.129	0.11	0.127	0.173	0.118	0.107	0.169	0.159	0.197	0.26	0.117	0.123	0.302	0.168	0.169	0.069
GO:0009410	0.082	0.089	0.17	0.064	0.123	0.054	0.132	0.097	0.145	0.173	0.093	0.071	0.055	0.289	0.289	0.135	0.218	0.053	0.267	0.179	0.067	0.402	0.061	0.428	0.141	0.077	0.176	0.059	0.484	1	0.144	0.133	0.104	0.061	0.036	0.428	0.077	0.228	0.207	0.428	0.037	0.176	0.082	0.135	0.135	0.246	0.064	0.053	0.085	0.12	0.12	0.073	0.12	0.085	0.071	0.154	0.063	0.1	0.12	0.119	0.067	0.035	0.085	0.291	0.135	0.176	0.104	0.135	0.062	0.125	0.09	0.082	0.11	0.067	0.329	0.154	0.176	0.046	0.053	0.11	0.155	0.07	0.093	0.061	0.085	0.085	0.179	0.145	0.052	0.052	0.085	0.085	0.135	0.051	0.141	0.034	0.176	0.021	0.08	0.056	0.11	0.074	0.065	0.03	0.329	0.075	0.176	0.11	0.093	0.044	0.06	0.185	0.073	0.122	0.038	0.102	0.11
GO:0051607	0.047	0.051	0.081	0.041	0.07	0.037	0.113	0.06	0.078	0.146	0.052	0.041	0.037	0.227	0.134	0.073	0.632	0.037	0.114	0.085	0.045	0.156	0.042	0.189	0.082	0.047	0.092	0.038	0.088	0.144	1	0.068	0.063	0.042	0.028	0.326	0.045	0.119	0.185	0.326	0.029	0.092	0.051	0.073	0.073	0.28	0.042	0.038	0.056	0.074	0.074	0.043	0.074	0.052	0.049	0.086	0.043	0.062	0.074	0.068	0.197	0.027	0.052	0.151	0.073	0.092	0.063	0.178	0.043	0.076	0.054	0.047	0.061	0.045	0.387	0.086	0.092	0.033	0.089	0.061	0.134	0.04	0.052	0.039	0.052	0.056	0.085	0.138	0.037	0.037	0.056	0.056	0.073	0.036	0.198	0.026	0.092	0.018	0.053	0.037	0.065	0.048	0.041	0.025	0.144	0.043	0.224	0.061	0.059	0.031	0.04	0.234	0.045	0.095	0.027	0.062	0.061
GO:0043122	0.029	0.082	0.081	0.061	0.052	0.054	0.431	0.302	0.672	0.08	0.084	0.059	0.163	0.124	0.124	0.133	0.092	0.059	0.104	0.472	0.108	0.092	0.196	0.178	0.322	0.075	0.178	0.05	0.186	0.133	0.068	1	0.316	0.384	0.121	0.178	0.093	0.172	0.25	0.178	0.109	0.178	0.24	0.126	0.126	0.103	0.067	0.158	0.403	0.347	0.17	0.066	0.17	0.136	0.108	0.165	0.209	0.112	0.17	0.124	0.104	0.043	0.037	0.347	0.055	0.178	0.316	0.055	0.073	0.604	0.083	0.071	0.104	0.077	0.133	0.165	0.178	0.048	0.047	0.104	0.19	0.055	0.084	0.054	0.09	0.122	0.472	0.518	0.079	0.079	0.122	0.122	0.055	0.049	0.222	0.039	0.178	0.069	0.097	0.052	0.049	0.082	0.062	0.095	0.133	0.061	0.073	0.104	0.208	0.044	0.064	0.231	0.103	0.118	0.037	0.047	0.043
GO:0042127	0.065	0.171	0.092	0.122	0.097	0.106	0.328	0.549	0.343	0.06	0.177	0.137	0.324	0.094	0.094	0.252	0.086	0.111	0.085	0.418	0.195	0.073	0.362	0.133	0.243	0.151	0.323	0.11	0.172	0.104	0.063	0.316	1	0.34	0.226	0.133	0.109	0.157	0.22	0.133	0.201	0.595	0.467	0.23	0.23	0.181	0.131	0.297	0.447	0.294	0.294	0.142	0.294	0.251	0.187	0.291	0.384	0.199	0.294	0.228	0.18	0.077	0.07	0.294	0.104	0.323	0.582	0.104	0.13	0.287	0.164	0.157	0.207	0.138	0.104	0.291	0.323	0.092	0.096	0.207	0.184	0.134	0.177	0.117	0.169	0.22	0.418	0.356	0.142	0.142	0.22	0.22	0.104	0.097	0.384	0.071	0.323	0.134	0.164	0.109	0.088	0.15	0.131	0.17	0.104	0.143	0.133	0.207	0.419	0.093	0.124	0.199	0.206	0.104	0.078	0.083	0.085
GO:0050804	0.035	0.087	0.058	0.065	0.058	0.058	0.311	0.325	0.438	0.038	0.089	0.065	0.185	0.057	0.057	0.137	0.053	0.063	0.049	0.348	0.124	0.044	0.217	0.079	0.46	0.08	0.181	0.055	0.104	0.061	0.042	0.384	0.34	1	0.138	0.079	0.072	0.107	0.14	0.079	0.124	0.181	0.264	0.137	0.137	0.108	0.071	0.178	0.443	0.382	0.187	0.071	0.187	0.145	0.123	0.168	0.231	0.116	0.187	0.128	0.119	0.047	0.042	0.187	0.061	0.181	0.34	0.061	0.077	0.389	0.088	0.076	0.108	0.081	0.061	0.168	0.181	0.052	0.051	0.108	0.112	0.061	0.089	0.059	0.094	0.14	0.348	0.333	0.093	0.093	0.14	0.14	0.061	0.053	0.24	0.042	0.181	0.082	0.1	0.056	0.054	0.086	0.066	0.108	0.061	0.067	0.079	0.108	0.233	0.048	0.068	0.129	0.122	0.056	0.041	0.052	0.049
GO:0031114	0.02	0.055	0.077	0.112	0.035	0.103	0.149	0.421	0.142	0.024	0.154	0.407	0.688	0.035	0.035	0.088	0.033	0.665	0.028	0.152	0.079	0.026	0.291	0.048	0.093	0.142	0.206	0.036	0.072	0.036	0.028	0.121	0.226	0.138	1	0.048	0.098	0.072	0.088	0.048	0.092	0.116	0.175	0.083	0.083	0.065	0.048	0.125	0.18	0.119	0.119	0.045	0.119	0.206	0.08	0.111	0.303	0.396	0.119	0.147	0.078	0.035	0.026	0.119	0.036	0.116	0.372	0.036	0.054	0.137	0.057	0.172	0.297	0.112	0.036	0.111	0.116	0.037	0.107	0.069	0.068	0.124	0.214	0.039	0.063	0.088	0.152	0.157	0.06	0.06	0.088	0.088	0.036	0.036	0.151	0.031	0.116	0.062	0.07	0.037	0.033	0.166	0.043	0.082	0.036	0.144	0.048	0.193	0.154	0.033	0.047	0.083	0.072	0.038	0.028	0.032	0.028
GO:0009605	0.116	0.123	0.215	0.086	0.16	0.072	0.289	0.123	0.188	0.417	0.128	0.101	0.073	0.687	0.373	0.176	0.508	0.071	0.357	0.239	0.087	0.508	0.079	0.543	0.176	0.104	0.224	0.081	0.227	0.428	0.326	0.178	0.133	0.079	0.048	1	0.1	0.292	0.484	0.543	0.047	0.224	0.108	0.176	0.176	0.306	0.086	0.069	0.108	0.148	0.148	0.101	0.148	0.112	0.089	0.193	0.082	0.128	0.148	0.154	0.085	0.046	0.112	0.36	0.176	0.224	0.133	0.176	0.081	0.156	0.119	0.116	0.147	0.087	0.428	0.193	0.224	0.061	0.07	0.147	0.209	0.102	0.128	0.084	0.113	0.108	0.239	0.185	0.067	0.067	0.108	0.108	0.176	0.068	0.176	0.045	0.224	0.028	0.101	0.077	0.141	0.096	0.091	0.039	0.428	0.107	0.224	0.147	0.119	0.062	0.081	0.233	0.1	0.167	0.052	0.13	0.147
GO:0048843	0.021	0.028	0.502	0.227	0.126	0.139	0.116	0.19	0.112	0.056	0.065	0.044	0.096	0.075	0.042	0.043	0.055	0.057	0.034	0.09	0.244	0.165	0.138	0.055	0.046	0.062	0.055	0.02	0.074	0.077	0.045	0.093	0.109	0.072	0.098	0.1	1	0.424	0.253	0.055	0.472	0.055	0.085	0.103	0.066	0.032	0.027	0.338	0.146	0.093	0.192	0.024	0.203	0.173	0.312	0.054	0.159	0.067	0.192	0.072	0.044	0.022	0.136	0.119	0.07	0.055	0.109	0.019	0.03	0.185	0.07	0.053	0.082	0.051	0.043	0.128	0.055	0.122	0.037	0.034	0.068	0.038	0.065	0.022	0.033	0.072	0.09	0.121	0.054	0.035	0.047	0.047	0.039	0.022	0.074	0.02	0.055	0.063	0.038	0.021	0.018	0.058	0.024	0.074	0.043	0.044	0.024	0.082	0.114	0.019	0.026	0.088	0.038	0.034	0.018	0.018	0.054
GO:0050922	0.037	0.041	0.265	0.034	0.056	0.031	0.184	0.151	0.197	0.15	0.042	0.033	0.093	0.216	0.121	0.058	0.158	0.031	0.105	0.153	0.113	0.474	0.107	0.163	0.066	0.038	0.072	0.032	0.141	0.228	0.119	0.172	0.157	0.107	0.072	0.292	0.424	1	0.659	0.163	0.106	0.072	0.126	0.119	0.119	0.095	0.035	0.136	0.191	0.25	0.25	0.035	0.547	0.086	0.172	0.068	0.116	0.05	0.25	0.055	0.109	0.024	0.043	0.315	0.058	0.072	0.157	0.058	0.036	0.282	0.107	0.037	0.048	0.038	0.128	0.068	0.072	0.069	0.031	0.048	0.187	0.032	0.042	0.032	0.043	0.191	0.153	0.195	0.133	0.087	0.125	0.125	0.058	0.03	0.205	0.023	0.072	0.07	0.044	0.031	0.053	0.04	0.033	0.088	0.128	0.034	0.072	0.048	0.161	0.026	0.033	0.223	0.109	0.061	0.023	0.051	0.048
GO:0032102	0.054	0.059	0.134	0.046	0.081	0.041	0.258	0.209	0.28	0.234	0.061	0.047	0.122	0.351	0.191	0.085	0.26	0.041	0.171	0.224	0.149	0.26	0.139	0.263	0.094	0.053	0.108	0.043	0.127	0.207	0.185	0.25	0.22	0.14	0.088	0.484	0.253	0.659	1	0.263	0.128	0.108	0.174	0.176	0.176	0.145	0.047	0.173	0.258	0.347	0.347	0.049	0.347	0.119	0.223	0.099	0.152	0.07	0.347	0.079	0.141	0.029	0.059	0.467	0.085	0.108	0.22	0.085	0.047	0.38	0.062	0.054	0.071	0.05	0.207	0.099	0.108	0.036	0.04	0.071	0.28	0.046	0.061	0.044	0.06	0.258	0.224	0.273	0.169	0.11	0.169	0.169	0.085	0.039	0.294	0.028	0.108	0.081	0.059	0.041	0.074	0.054	0.046	0.103	0.207	0.049	0.108	0.071	0.222	0.034	0.045	0.318	0.151	0.092	0.03	0.071	0.071
GO:0009607	0.116	0.123	0.123	0.086	0.16	0.072	0.168	0.123	0.188	0.226	0.128	0.101	0.073	0.373	0.373	0.176	0.508	0.071	0.357	0.239	0.087	0.289	0.079	0.543	0.176	0.104	0.224	0.081	0.227	0.428	0.326	0.178	0.133	0.079	0.048	0.543	0.055	0.163	0.263	1	0.047	0.224	0.108	0.176	0.176	0.306	0.086	0.069	0.108	0.148	0.148	0.101	0.148	0.112	0.089	0.193	0.082	0.128	0.148	0.154	0.085	0.046	0.112	0.36	0.176	0.224	0.133	0.176	0.081	0.156	0.119	0.116	0.147	0.087	0.428	0.193	0.224	0.061	0.07	0.147	0.209	0.102	0.128	0.084	0.113	0.108	0.239	0.185	0.067	0.067	0.108	0.108	0.176	0.068	0.176	0.045	0.224	0.028	0.101	0.077	0.141	0.096	0.091	0.039	0.428	0.107	0.224	0.147	0.119	0.062	0.081	0.233	0.1	0.167	0.052	0.13	0.147
GO:0050768	0.053	0.054	0.285	0.136	0.137	0.259	0.136	0.195	0.128	0.025	0.055	0.04	0.113	0.035	0.035	0.083	0.034	0.044	0.03	0.136	0.536	0.028	0.136	0.047	0.087	0.051	0.107	0.036	0.069	0.037	0.029	0.109	0.201	0.124	0.092	0.047	0.472	0.106	0.128	0.047	1	0.107	0.156	0.078	0.078	0.062	0.047	0.693	0.261	0.17	0.17	0.045	0.17	0.089	0.256	0.103	0.144	0.074	0.371	0.079	0.075	0.035	0.32	0.111	0.155	0.107	0.201	0.037	0.053	0.194	0.056	0.047	0.066	0.054	0.037	0.103	0.107	0.238	0.036	0.066	0.065	0.037	0.055	0.039	0.06	0.128	0.136	0.143	0.09	0.059	0.084	0.084	0.089	0.037	0.139	0.032	0.107	0.091	0.068	0.038	0.034	0.057	0.043	0.092	0.037	0.041	0.047	0.066	0.207	0.033	0.046	0.079	0.069	0.038	0.029	0.033	0.124
GO:0008283	0.116	0.298	0.131	0.199	0.16	0.166	0.181	0.3	0.188	0.093	0.311	0.245	0.177	0.154	0.154	0.428	0.136	0.173	0.147	0.254	0.087	0.119	0.192	0.224	0.39	0.253	0.543	0.186	0.259	0.176	0.092	0.178	0.595	0.181	0.116	0.224	0.055	0.072	0.108	0.224	0.107	1	0.263	0.176	0.176	0.306	0.21	0.167	0.263	0.148	0.148	0.246	0.148	0.273	0.089	0.469	0.2	0.311	0.148	0.373	0.085	0.113	0.112	0.148	0.176	0.543	0.323	0.176	0.197	0.156	0.272	0.281	0.357	0.212	0.176	0.469	0.543	0.14	0.154	0.357	0.086	0.247	0.311	0.197	0.274	0.108	0.254	0.2	0.067	0.067	0.108	0.108	0.176	0.152	0.176	0.104	0.543	0.069	0.244	0.18	0.141	0.234	0.221	0.085	0.176	0.261	0.224	0.357	0.289	0.15	0.196	0.096	0.1	0.167	0.124	0.13	0.147
GO:0043067	0.047	0.128	0.073	0.092	0.077	0.08	0.264	0.442	0.269	0.047	0.132	0.098	0.248	0.075	0.075	0.2	0.069	0.085	0.066	0.32	0.153	0.057	0.285	0.108	0.197	0.114	0.263	0.08	0.139	0.082	0.051	0.24	0.467	0.264	0.175	0.108	0.085	0.126	0.174	0.108	0.156	0.263	1	0.186	0.186	0.151	0.099	0.231	0.355	0.239	0.239	0.104	0.239	0.198	0.149	0.238	0.304	0.16	0.239	0.182	0.144	0.06	0.054	0.239	0.082	0.263	0.467	0.082	0.103	0.232	0.125	0.114	0.159	0.109	0.082	0.238	0.263	0.07	0.071	0.484	0.14	0.093	0.132	0.085	0.132	0.174	0.32	0.285	0.111	0.111	0.174	0.174	0.082	0.072	0.316	0.054	0.263	0.101	0.133	0.08	0.071	0.117	0.096	0.133	0.082	0.102	0.108	0.159	0.322	0.067	0.094	0.159	0.156	0.078	0.056	0.067	0.066
GO:0090066	0.082	0.089	0.042	0.064	0.123	0.054	0.123	0.214	0.134	0.071	0.093	0.071	0.125	0.119	0.119	0.135	0.106	0.053	0.11	0.169	0.15	0.09	0.137	0.176	0.141	0.077	0.176	0.059	0.084	0.135	0.073	0.126	0.23	0.137	0.083	0.176	0.103	0.119	0.176	0.176	0.078	0.176	0.186	1	0.605	0.246	0.064	0.113	0.176	0.24	0.24	0.073	0.24	0.63	0.146	0.154	0.283	0.1	0.24	0.119	0.139	0.035	0.085	0.24	0.135	0.176	0.23	0.135	0.062	0.106	0.09	0.082	0.11	0.067	0.135	0.154	0.176	0.046	0.053	0.11	0.146	0.07	0.093	0.061	0.085	0.176	0.169	0.135	0.11	0.11	0.176	0.176	0.135	0.051	0.307	0.034	0.176	0.049	0.08	0.056	0.11	0.074	0.065	0.136	0.135	0.075	0.176	0.11	0.176	0.044	0.06	0.157	0.168	0.05	0.038	0.102	0.11
GO:0050803	0.082	0.089	0.042	0.064	0.123	0.054	0.123	0.214	0.134	0.071	0.093	0.071	0.125	0.119	0.119	0.135	0.106	0.053	0.11	0.169	0.15	0.09	0.137	0.176	0.141	0.077	0.176	0.059	0.084	0.135	0.073	0.126	0.23	0.137	0.083	0.176	0.066	0.119	0.176	0.176	0.078	0.176	0.186	0.605	1	0.246	0.064	0.113	0.176	0.24	0.24	0.073	0.24	0.381	0.146	0.154	0.468	0.1	0.24	0.119	0.139	0.035	0.085	0.24	0.135	0.176	0.23	0.135	0.062	0.106	0.09	0.082	0.11	0.067	0.135	0.154	0.176	0.046	0.053	0.11	0.146	0.07	0.093	0.061	0.085	0.176	0.169	0.135	0.11	0.11	0.176	0.176	0.135	0.051	0.307	0.034	0.176	0.049	0.08	0.056	0.11	0.074	0.065	0.136	0.135	0.075	0.176	0.11	0.176	0.044	0.06	0.157	0.168	0.05	0.038	0.102	0.11
GO:0044419	0.172	0.178	0.072	0.121	0.221	0.1	0.098	0.167	0.105	0.128	0.187	0.151	0.102	0.211	0.211	0.246	0.448	0.099	0.21	0.145	0.119	0.166	0.107	0.306	0.234	0.149	0.306	0.117	0.142	0.246	0.28	0.103	0.181	0.108	0.065	0.306	0.032	0.095	0.145	0.306	0.062	0.306	0.151	0.246	0.246	1	0.122	0.093	0.145	0.194	0.194	0.148	0.194	0.157	0.118	0.259	0.112	0.174	0.194	0.211	0.112	0.063	0.157	0.194	0.246	0.306	0.181	0.246	0.11	0.083	0.167	0.172	0.21	0.12	0.246	0.259	0.306	0.084	0.098	0.21	0.121	0.155	0.187	0.121	0.157	0.145	0.145	0.108	0.09	0.09	0.145	0.145	0.246	0.094	0.234	0.061	0.306	0.039	0.134	0.11	0.192	0.133	0.132	0.051	0.246	0.162	0.306	0.21	0.16	0.089	0.113	0.128	0.142	0.098	0.075	0.176	0.21
GO:0006260	0.034	0.095	0.059	0.068	0.06	0.06	0.086	0.124	0.078	0.037	0.098	0.068	0.067	0.059	0.059	0.156	0.054	0.065	0.05	0.097	0.035	0.044	0.079	0.086	0.158	0.085	0.21	0.247	0.273	0.064	0.042	0.067	0.131	0.071	0.048	0.086	0.027	0.035	0.047	0.086	0.047	0.21	0.099	0.064	0.064	0.122	1	0.072	0.114	0.067	0.067	0.075	0.067	0.102	0.041	0.192	0.082	0.127	0.067	0.143	0.165	0.047	0.042	0.067	0.064	0.21	0.131	0.064	0.421	0.076	0.095	0.082	0.121	0.085	0.064	0.192	0.21	0.053	0.052	0.121	0.031	0.064	0.098	0.26	0.308	0.209	0.097	0.093	0.371	0.371	0.114	0.209	0.064	0.054	0.075	0.148	0.21	0.314	0.108	0.183	0.056	0.092	0.07	0.16	0.064	0.071	0.086	0.121	0.121	0.246	0.362	0.043	0.201	0.29	0.25	0.204	0.05
GO:0010721	0.031	0.086	0.23	0.213	0.21	0.152	0.187	0.286	0.182	0.034	0.087	0.066	0.164	0.05	0.05	0.129	0.047	0.064	0.043	0.202	0.262	0.039	0.193	0.069	0.133	0.079	0.167	0.057	0.101	0.053	0.038	0.158	0.297	0.178	0.125	0.069	0.338	0.136	0.173	0.069	0.693	0.167	0.231	0.113	0.113	0.093	0.072	1	0.379	0.235	0.235	0.071	0.235	0.132	0.338	0.157	0.205	0.111	0.514	0.122	0.098	0.049	0.169	0.154	0.238	0.167	0.297	0.053	0.077	0.263	0.086	0.076	0.104	0.08	0.053	0.157	0.167	0.273	0.054	0.104	0.088	0.062	0.087	0.061	0.092	0.173	0.202	0.198	0.116	0.076	0.113	0.113	0.053	0.055	0.198	0.044	0.167	0.12	0.098	0.058	0.048	0.085	0.067	0.118	0.053	0.068	0.069	0.104	0.311	0.051	0.069	0.106	0.095	0.058	0.044	0.046	0.192
GO:0010648	0.054	0.143	0.084	0.106	0.081	0.094	0.346	0.425	0.443	0.052	0.147	0.115	0.249	0.079	0.079	0.207	0.073	0.099	0.071	0.416	0.149	0.062	0.284	0.108	0.362	0.129	0.263	0.096	0.15	0.085	0.056	0.403	0.447	0.443	0.18	0.108	0.146	0.191	0.258	0.108	0.261	0.263	0.355	0.176	0.176	0.145	0.114	0.379	1	0.347	0.347	0.12	0.347	0.204	0.223	0.241	0.301	0.17	0.347	0.191	0.141	0.071	0.059	0.227	0.085	0.263	0.447	0.085	0.115	0.617	0.139	0.131	0.171	0.121	0.085	0.241	0.263	0.082	0.086	0.171	0.137	0.112	0.147	0.101	0.145	0.258	0.416	0.373	0.169	0.11	0.169	0.169	0.085	0.086	0.294	0.065	0.263	0.172	0.144	0.095	0.074	0.13	0.112	0.166	0.085	0.12	0.108	0.171	0.488	0.082	0.108	0.155	0.151	0.092	0.07	0.071	0.071
GO:0023057	0.081	0.087	0.046	0.066	0.112	0.058	0.257	0.278	0.375	0.073	0.089	0.072	0.169	0.109	0.109	0.12	0.099	0.057	0.101	0.327	0.202	0.087	0.187	0.148	0.305	0.077	0.148	0.063	0.083	0.12	0.074	0.347	0.294	0.382	0.119	0.148	0.093	0.25	0.347	0.148	0.17	0.148	0.239	0.24	0.24	0.194	0.067	0.235	0.347	1	0.457	0.074	0.457	0.162	0.296	0.134	0.203	0.095	0.457	0.109	0.186	0.04	0.084	0.299	0.12	0.148	0.294	0.12	0.065	0.493	0.087	0.081	0.101	0.069	0.12	0.134	0.148	0.05	0.057	0.101	0.192	0.072	0.089	0.064	0.084	0.347	0.327	0.278	0.229	0.15	0.227	0.227	0.12	0.055	0.385	0.039	0.148	0.11	0.079	0.06	0.102	0.074	0.068	0.137	0.12	0.076	0.148	0.101	0.313	0.05	0.063	0.206	0.215	0.055	0.043	0.096	0.101
GO:0045926	0.081	0.087	0.046	0.066	0.112	0.058	0.168	0.278	0.184	0.073	0.089	0.072	0.169	0.109	0.109	0.12	0.099	0.057	0.101	0.214	0.202	0.087	0.187	0.148	0.126	0.077	0.148	0.063	0.083	0.12	0.074	0.17	0.294	0.187	0.119	0.148	0.192	0.25	0.347	0.148	0.17	0.148	0.239	0.24	0.24	0.194	0.067	0.235	0.347	0.457	1	0.074	0.457	0.162	0.648	0.134	0.203	0.095	0.457	0.109	0.186	0.04	0.084	0.299	0.12	0.148	0.294	0.12	0.065	0.226	0.087	0.081	0.101	0.069	0.12	0.325	0.148	0.05	0.057	0.101	0.192	0.072	0.089	0.064	0.084	0.347	0.214	0.182	0.229	0.15	0.227	0.227	0.12	0.055	0.385	0.039	0.148	0.11	0.079	0.06	0.102	0.074	0.068	0.137	0.12	0.076	0.148	0.101	0.313	0.05	0.063	0.206	0.215	0.055	0.043	0.096	0.101
GO:0034504	0.034	0.099	0.057	0.067	0.067	0.058	0.088	0.134	0.079	0.038	0.103	0.067	0.065	0.065	0.065	0.176	0.059	0.064	0.054	0.101	0.036	0.046	0.08	0.101	0.176	0.087	0.246	0.053	0.119	0.073	0.043	0.066	0.142	0.071	0.045	0.101	0.024	0.035	0.049	0.101	0.045	0.246	0.104	0.073	0.073	0.148	0.075	0.071	0.12	0.074	0.074	1	0.074	0.107	0.042	0.22	0.083	0.138	0.074	0.159	0.04	0.468	0.044	0.074	0.073	0.246	0.142	0.073	0.082	0.076	0.152	0.083	0.132	0.121	0.073	0.22	0.246	0.077	0.049	0.132	0.031	0.061	0.103	0.059	0.107	0.049	0.101	0.095	0.028	0.028	0.049	0.049	0.073	0.165	0.085	0.218	0.246	0.025	0.238	0.055	0.245	0.095	0.099	0.034	0.073	0.07	0.101	0.132	0.13	0.045	0.071	0.045	0.035	0.055	0.036	0.057	0.054
GO:0040013	0.081	0.087	0.106	0.066	0.112	0.058	0.168	0.278	0.184	0.073	0.089	0.072	0.169	0.109	0.109	0.12	0.099	0.057	0.101	0.214	0.202	0.212	0.187	0.148	0.126	0.077	0.148	0.063	0.083	0.12	0.074	0.17	0.294	0.187	0.119	0.148	0.203	0.547	0.347	0.148	0.17	0.148	0.239	0.24	0.24	0.194	0.067	0.235	0.347	0.457	0.457	0.074	1	0.162	0.296	0.134	0.203	0.095	0.457	0.109	0.186	0.04	0.084	0.299	0.12	0.148	0.294	0.12	0.065	0.226	0.212	0.081	0.101	0.069	0.12	0.134	0.148	0.122	0.057	0.101	0.192	0.072	0.089	0.064	0.084	0.347	0.214	0.182	0.229	0.15	0.227	0.227	0.12	0.055	0.385	0.039	0.148	0.11	0.079	0.06	0.102	0.074	0.068	0.137	0.12	0.076	0.148	0.101	0.313	0.05	0.063	0.206	0.215	0.055	0.043	0.096	0.101
GO:0032535	0.049	0.132	0.163	0.275	0.08	0.238	0.151	0.506	0.151	0.048	0.416	0.306	0.268	0.077	0.077	0.207	0.071	0.265	0.068	0.184	0.101	0.058	0.332	0.112	0.203	0.357	0.273	0.082	0.143	0.085	0.052	0.136	0.251	0.145	0.206	0.112	0.173	0.086	0.119	0.112	0.089	0.273	0.198	0.63	0.381	0.157	0.102	0.132	0.204	0.162	0.162	0.107	0.162	1	0.102	0.246	0.442	0.37	0.162	0.188	0.098	0.061	0.056	0.162	0.085	0.273	0.251	0.085	0.105	0.132	0.129	0.359	0.501	0.264	0.085	0.246	0.273	0.071	0.201	0.165	0.094	0.293	0.416	0.087	0.136	0.119	0.184	0.163	0.076	0.076	0.119	0.119	0.085	0.073	0.203	0.055	0.273	0.057	0.136	0.082	0.073	0.303	0.099	0.127	0.085	0.32	0.112	0.501	0.206	0.069	0.097	0.108	0.105	0.079	0.057	0.068	0.068
GO:0048640	0.045	0.049	0.064	0.098	0.163	0.088	0.115	0.179	0.121	0.045	0.051	0.04	0.107	0.066	0.066	0.071	0.062	0.036	0.059	0.132	0.266	0.052	0.123	0.089	0.079	0.045	0.089	0.037	0.054	0.071	0.049	0.108	0.187	0.123	0.08	0.089	0.312	0.172	0.223	0.089	0.256	0.089	0.149	0.146	0.146	0.118	0.041	0.338	0.223	0.296	0.648	0.042	0.296	0.102	1	0.083	0.134	0.06	0.648	0.066	0.125	0.027	0.123	0.194	0.172	0.089	0.187	0.071	0.042	0.157	0.052	0.045	0.059	0.044	0.071	0.201	0.089	0.074	0.036	0.059	0.119	0.039	0.051	0.038	0.051	0.223	0.132	0.123	0.151	0.099	0.146	0.146	0.071	0.035	0.247	0.026	0.089	0.075	0.052	0.036	0.063	0.046	0.039	0.096	0.071	0.041	0.089	0.059	0.191	0.03	0.039	0.136	0.13	0.033	0.027	0.06	0.142
GO:0022402	0.102	0.263	0.125	0.182	0.141	0.154	0.171	0.272	0.175	0.086	0.274	0.218	0.165	0.136	0.136	0.631	0.122	0.16	0.129	0.231	0.08	0.107	0.178	0.193	0.346	0.228	0.469	0.17	0.237	0.154	0.086	0.165	0.291	0.168	0.111	0.193	0.054	0.068	0.099	0.193	0.103	0.469	0.238	0.154	0.154	0.259	0.192	0.157	0.241	0.134	0.134	0.22	0.134	0.246	0.083	1	0.185	0.281	0.134	0.33	0.079	0.107	0.101	0.134	0.154	0.469	0.291	0.154	0.183	0.148	0.245	0.248	0.313	0.196	0.154	0.412	0.469	0.132	0.143	0.313	0.079	0.218	0.274	0.179	0.247	0.099	0.231	0.187	0.063	0.063	0.099	0.099	0.154	0.142	0.156	0.099	0.469	0.067	0.225	0.166	0.126	0.521	0.2	0.082	0.154	0.23	0.193	0.313	0.398	0.139	0.18	0.089	0.09	0.155	0.116	0.117	0.129
GO:0050807	0.037	0.101	0.122	0.192	0.06	0.345	0.234	0.699	0.235	0.039	0.577	0.199	0.369	0.059	0.059	0.154	0.055	0.193	0.051	0.27	0.136	0.045	0.543	0.082	0.155	0.356	0.2	0.065	0.115	0.063	0.043	0.209	0.384	0.231	0.303	0.082	0.159	0.116	0.152	0.082	0.144	0.2	0.304	0.283	0.468	0.112	0.082	0.205	0.301	0.203	0.203	0.083	0.203	0.442	0.134	0.185	1	0.258	0.203	0.143	0.129	0.053	0.044	0.203	0.063	0.2	0.384	0.063	0.086	0.21	0.1	0.235	0.338	0.188	0.063	0.185	0.2	0.06	0.141	0.123	0.124	0.187	0.276	0.07	0.106	0.152	0.27	0.251	0.102	0.102	0.152	0.152	0.063	0.061	0.259	0.048	0.2	0.097	0.111	0.066	0.056	0.214	0.078	0.167	0.063	0.206	0.082	0.338	0.271	0.057	0.078	0.141	0.135	0.065	0.048	0.054	0.051
GO:0000226	0.063	0.166	0.14	0.238	0.094	0.207	0.126	0.388	0.123	0.059	0.367	0.26	0.576	0.091	0.091	0.244	0.083	0.612	0.082	0.156	0.055	0.071	0.249	0.128	0.236	0.315	0.573	0.108	0.168	0.1	0.062	0.112	0.199	0.116	0.396	0.128	0.067	0.05	0.07	0.128	0.074	0.311	0.16	0.1	0.1	0.174	0.127	0.111	0.17	0.095	0.095	0.138	0.095	0.37	0.06	0.281	0.258	1	0.095	0.407	0.057	0.076	0.068	0.095	0.1	0.311	0.366	0.1	0.127	0.11	0.159	0.443	0.451	0.23	0.1	0.281	0.311	0.09	0.17	0.2	0.052	0.343	0.531	0.114	0.165	0.07	0.156	0.136	0.045	0.045	0.07	0.07	0.1	0.095	0.108	0.07	0.311	0.048	0.16	0.107	0.085	0.368	0.127	0.059	0.1	0.384	0.128	0.451	0.183	0.091	0.121	0.064	0.059	0.102	0.076	0.081	0.082
GO:0051093	0.081	0.087	0.098	0.161	0.272	0.14	0.168	0.278	0.184	0.073	0.089	0.072	0.169	0.109	0.109	0.12	0.099	0.057	0.101	0.214	0.412	0.087	0.187	0.148	0.126	0.077	0.148	0.063	0.083	0.12	0.074	0.17	0.294	0.187	0.119	0.148	0.192	0.25	0.347	0.148	0.371	0.148	0.239	0.24	0.24	0.194	0.067	0.514	0.347	0.457	0.457	0.074	0.457	0.162	0.648	0.134	0.203	0.095	1	0.109	0.186	0.04	0.203	0.299	0.291	0.148	0.294	0.12	0.065	0.226	0.087	0.081	0.101	0.069	0.12	0.134	0.148	0.116	0.057	0.101	0.192	0.072	0.089	0.064	0.084	0.347	0.214	0.182	0.229	0.15	0.227	0.227	0.12	0.055	0.385	0.039	0.148	0.11	0.079	0.06	0.102	0.074	0.068	0.137	0.12	0.076	0.148	0.101	0.313	0.05	0.063	0.206	0.215	0.055	0.043	0.096	0.246
GO:0007018	0.073	0.194	0.179	0.134	0.11	0.114	0.137	0.214	0.135	0.066	0.201	0.154	0.227	0.106	0.106	0.289	0.096	0.222	0.097	0.176	0.062	0.081	0.138	0.154	0.274	0.169	0.687	0.121	0.188	0.119	0.068	0.124	0.228	0.128	0.147	0.154	0.072	0.055	0.079	0.154	0.079	0.373	0.182	0.119	0.119	0.211	0.143	0.122	0.191	0.109	0.109	0.159	0.109	0.188	0.066	0.33	0.143	0.407	0.109	1	0.063	0.081	0.077	0.109	0.119	0.373	0.42	0.119	0.141	0.119	0.329	0.178	0.236	0.151	0.119	0.33	0.373	0.177	0.104	0.236	0.059	0.151	0.201	0.129	0.188	0.079	0.176	0.149	0.049	0.049	0.079	0.079	0.119	0.104	0.126	0.074	0.373	0.05	0.179	0.119	0.099	0.164	0.145	0.062	0.119	0.162	0.154	0.236	0.207	0.1	0.135	0.071	0.067	0.113	0.083	0.092	0.097
GO:0002700	0.043	0.047	0.031	0.039	0.064	0.035	0.112	0.172	0.118	0.044	0.048	0.038	0.104	0.063	0.063	0.067	0.059	0.035	0.056	0.127	0.126	0.05	0.119	0.085	0.076	0.043	0.085	0.233	0.107	0.067	0.197	0.104	0.18	0.119	0.078	0.085	0.044	0.109	0.141	0.085	0.075	0.085	0.144	0.139	0.139	0.112	0.165	0.098	0.141	0.186	0.186	0.04	0.186	0.098	0.125	0.079	0.129	0.057	0.186	0.063	1	0.026	0.049	0.186	0.067	0.085	0.18	0.164	0.189	0.1	0.05	0.043	0.056	0.042	0.067	0.079	0.085	0.031	0.084	0.056	0.234	0.037	0.048	0.16	0.147	0.26	0.127	0.235	0.319	0.319	0.26	0.26	0.067	0.034	0.48	0.179	0.085	0.242	0.05	0.101	0.06	0.045	0.038	0.268	0.067	0.039	0.206	0.056	0.125	0.112	0.159	0.131	0.596	0.13	0.073	0.181	0.056
GO:0006606	0.019	0.054	0.042	0.043	0.034	0.039	0.059	0.075	0.052	0.023	0.055	0.039	0.043	0.034	0.034	0.085	0.032	0.043	0.028	0.059	0.022	0.026	0.052	0.046	0.09	0.051	0.113	0.035	0.07	0.035	0.027	0.043	0.077	0.047	0.035	0.046	0.022	0.024	0.029	0.046	0.035	0.113	0.06	0.035	0.035	0.063	0.047	0.049	0.071	0.04	0.04	0.468	0.04	0.061	0.027	0.107	0.053	0.076	0.04	0.081	0.026	1	0.025	0.04	0.035	0.113	0.077	0.035	0.053	0.054	0.086	0.046	0.067	0.147	0.035	0.107	0.113	0.056	0.034	0.067	0.019	0.036	0.055	0.038	0.061	0.029	0.059	0.062	0.02	0.02	0.029	0.029	0.035	0.396	0.043	0.476	0.113	0.022	0.343	0.036	0.192	0.057	0.142	0.028	0.035	0.04	0.046	0.067	0.074	0.032	0.045	0.028	0.02	0.037	0.028	0.032	0.028
GO:0007417	0.118	0.055	0.258	0.176	0.327	0.516	0.044	0.066	0.042	0.048	0.056	0.041	0.037	0.077	0.077	0.085	0.071	0.036	0.068	0.053	0.595	0.058	0.042	0.112	0.095	0.048	0.112	0.037	0.059	0.085	0.052	0.037	0.07	0.042	0.026	0.112	0.136	0.043	0.059	0.112	0.32	0.112	0.054	0.085	0.085	0.157	0.042	0.169	0.059	0.084	0.084	0.044	0.084	0.056	0.123	0.101	0.044	0.068	0.203	0.077	0.049	0.025	1	0.084	0.381	0.112	0.07	0.085	0.043	0.039	0.058	0.049	0.068	0.046	0.085	0.101	0.112	0.265	0.036	0.068	0.042	0.04	0.056	0.038	0.056	0.059	0.053	0.048	0.037	0.037	0.059	0.059	0.207	0.035	0.095	0.024	0.112	0.015	0.056	0.036	0.073	0.05	0.041	0.023	0.085	0.043	0.112	0.068	0.064	0.028	0.04	0.054	0.047	0.033	0.025	0.068	0.303
GO:0048584	0.081	0.087	0.106	0.066	0.112	0.058	0.246	0.278	0.375	0.176	0.089	0.072	0.169	0.264	0.264	0.12	0.212	0.057	0.246	0.316	0.202	0.212	0.187	0.36	0.126	0.077	0.148	0.063	0.176	0.291	0.151	0.347	0.294	0.187	0.119	0.36	0.119	0.315	0.467	0.36	0.111	0.148	0.239	0.24	0.24	0.194	0.067	0.154	0.227	0.299	0.299	0.074	0.299	0.162	0.194	0.134	0.203	0.095	0.299	0.109	0.186	0.04	0.084	1	0.12	0.148	0.294	0.12	0.065	0.304	0.087	0.081	0.101	0.069	0.291	0.134	0.148	0.05	0.057	0.101	0.393	0.072	0.089	0.064	0.084	0.227	0.316	0.363	0.15	0.229	0.347	0.347	0.12	0.055	0.385	0.039	0.148	0.073	0.079	0.06	0.102	0.074	0.068	0.098	0.291	0.076	0.148	0.101	0.211	0.05	0.063	0.69	0.215	0.133	0.043	0.096	0.101
GO:0060322	0.082	0.089	0.148	0.272	0.514	0.24	0.06	0.097	0.06	0.071	0.093	0.071	0.055	0.119	0.119	0.135	0.106	0.053	0.11	0.08	0.281	0.09	0.061	0.176	0.141	0.077	0.176	0.059	0.084	0.135	0.073	0.055	0.104	0.061	0.036	0.176	0.07	0.058	0.085	0.176	0.155	0.176	0.082	0.135	0.135	0.246	0.064	0.238	0.085	0.12	0.12	0.073	0.12	0.085	0.172	0.154	0.063	0.1	0.291	0.119	0.067	0.035	0.381	0.12	1	0.176	0.104	0.135	0.062	0.051	0.09	0.082	0.11	0.067	0.135	0.154	0.176	0.188	0.053	0.11	0.064	0.07	0.093	0.061	0.085	0.085	0.08	0.066	0.052	0.052	0.085	0.085	0.135	0.051	0.141	0.034	0.176	0.021	0.08	0.056	0.11	0.074	0.065	0.03	0.135	0.075	0.176	0.11	0.093	0.044	0.06	0.076	0.073	0.05	0.038	0.102	0.491
GO:0008037	0.116	0.298	0.131	0.199	0.16	0.166	0.181	0.3	0.188	0.093	0.311	0.245	0.177	0.154	0.154	0.428	0.136	0.173	0.147	0.254	0.087	0.119	0.192	0.224	0.39	0.253	0.543	0.186	0.259	0.176	0.092	0.178	0.323	0.181	0.116	0.224	0.055	0.072	0.108	0.224	0.107	0.543	0.263	0.176	0.176	0.306	0.21	0.167	0.263	0.148	0.148	0.246	0.148	0.273	0.089	0.469	0.2	0.311	0.148	0.373	0.085	0.113	0.112	0.148	0.176	1	0.323	0.176	0.197	0.156	0.272	0.281	0.357	0.212	0.176	0.469	0.543	0.14	0.154	0.357	0.086	0.247	0.311	0.197	0.274	0.108	0.254	0.2	0.067	0.067	0.108	0.108	0.176	0.152	0.176	0.104	0.543	0.069	0.244	0.18	0.141	0.234	0.221	0.085	0.176	0.261	0.224	0.357	0.289	0.15	0.196	0.096	0.1	0.167	0.124	0.13	0.147
GO:0032886	0.065	0.171	0.092	0.122	0.097	0.106	0.328	0.549	0.343	0.06	0.177	0.137	0.556	0.094	0.094	0.252	0.086	0.205	0.085	0.418	0.195	0.073	0.362	0.133	0.243	0.151	0.595	0.11	0.172	0.104	0.063	0.316	0.582	0.34	0.372	0.133	0.109	0.157	0.22	0.133	0.201	0.323	0.467	0.23	0.23	0.181	0.131	0.297	0.447	0.294	0.294	0.142	0.294	0.251	0.187	0.291	0.384	0.366	0.294	0.42	0.18	0.077	0.07	0.294	0.104	0.323	1	0.104	0.13	0.287	0.164	0.157	0.207	0.138	0.104	0.291	0.323	0.092	0.096	0.207	0.184	0.134	0.177	0.117	0.169	0.22	0.418	0.356	0.142	0.142	0.22	0.22	0.104	0.097	0.384	0.071	0.323	0.134	0.164	0.109	0.088	0.15	0.131	0.17	0.104	0.143	0.133	0.207	0.419	0.093	0.124	0.199	0.206	0.104	0.078	0.083	0.085
GO:0048002	0.082	0.089	0.042	0.064	0.123	0.054	0.06	0.097	0.06	0.071	0.093	0.071	0.055	0.119	0.119	0.135	0.106	0.053	0.11	0.08	0.067	0.09	0.061	0.176	0.141	0.077	0.176	0.059	0.084	0.135	0.178	0.055	0.104	0.061	0.036	0.176	0.019	0.058	0.085	0.176	0.037	0.176	0.082	0.135	0.135	0.246	0.064	0.053	0.085	0.12	0.12	0.073	0.12	0.085	0.071	0.154	0.063	0.1	0.12	0.119	0.164	0.035	0.085	0.12	0.135	0.176	0.104	1	0.062	0.051	0.09	0.082	0.11	0.067	0.135	0.154	0.176	0.046	0.389	0.11	0.155	0.07	0.093	0.061	0.085	0.085	0.08	0.145	0.052	0.052	0.085	0.085	0.135	0.051	0.342	0.034	0.176	0.021	0.08	0.056	0.11	0.074	0.065	0.03	0.135	0.075	0.788	0.11	0.093	0.044	0.06	0.076	0.073	0.05	0.038	0.102	0.11
GO:0009100	0.036	0.099	0.064	0.075	0.059	0.067	0.09	0.124	0.083	0.039	0.102	0.076	0.073	0.058	0.058	0.151	0.054	0.071	0.05	0.1	0.037	0.045	0.084	0.081	0.153	0.091	0.197	0.379	0.276	0.062	0.043	0.073	0.13	0.077	0.054	0.081	0.03	0.036	0.047	0.081	0.053	0.197	0.103	0.062	0.062	0.11	0.421	0.077	0.115	0.065	0.065	0.082	0.065	0.105	0.042	0.183	0.086	0.127	0.065	0.141	0.189	0.053	0.043	0.065	0.062	0.197	0.13	0.062	1	0.08	0.099	0.088	0.122	0.09	0.062	0.183	0.197	0.059	0.06	0.122	0.033	0.072	0.102	0.404	0.405	0.115	0.1	0.096	0.191	0.191	0.115	0.115	0.062	0.061	0.072	0.172	0.197	0.223	0.11	0.306	0.055	0.096	0.077	0.244	0.062	0.079	0.081	0.122	0.122	0.491	0.501	0.044	0.227	0.42	0.231	0.306	0.05
GO:0009968	0.033	0.089	0.097	0.072	0.05	0.066	0.454	0.278	0.68	0.086	0.09	0.072	0.174	0.119	0.119	0.125	0.096	0.069	0.104	0.491	0.103	0.096	0.199	0.156	0.295	0.083	0.156	0.064	0.196	0.125	0.076	0.604	0.287	0.389	0.137	0.156	0.185	0.282	0.38	0.156	0.194	0.156	0.232	0.106	0.106	0.083	0.076	0.263	0.617	0.493	0.226	0.076	0.226	0.132	0.157	0.148	0.21	0.11	0.226	0.119	0.1	0.054	0.039	0.304	0.051	0.156	0.287	0.051	0.08	1	0.089	0.081	0.104	0.083	0.125	0.148	0.156	0.06	0.06	0.104	0.188	0.069	0.09	0.067	0.094	0.174	0.491	0.532	0.123	0.08	0.114	0.114	0.051	0.061	0.184	0.05	0.156	0.135	0.099	0.065	0.047	0.087	0.073	0.134	0.125	0.074	0.064	0.104	0.309	0.058	0.074	0.22	0.099	0.143	0.051	0.046	0.043
GO:0001667	0.051	0.125	0.162	0.087	0.084	0.075	0.102	0.155	0.095	0.05	0.129	0.092	0.083	0.081	0.081	0.203	0.074	0.081	0.072	0.122	0.047	0.148	0.097	0.119	0.199	0.11	0.272	0.074	0.137	0.09	0.054	0.083	0.164	0.088	0.057	0.119	0.07	0.107	0.062	0.119	0.056	0.272	0.125	0.09	0.09	0.167	0.095	0.086	0.139	0.087	0.087	0.152	0.212	0.129	0.052	0.245	0.1	0.159	0.087	0.329	0.05	0.086	0.058	0.087	0.09	0.272	0.164	0.09	0.099	0.089	1	0.109	0.158	0.146	0.09	0.245	0.272	0.531	0.066	0.158	0.043	0.087	0.129	0.08	0.129	0.062	0.122	0.111	0.038	0.038	0.062	0.062	0.09	0.109	0.1	0.075	0.272	0.033	0.189	0.074	0.171	0.114	0.129	0.043	0.09	0.096	0.119	0.158	0.15	0.062	0.09	0.056	0.049	0.072	0.051	0.072	0.072
GO:0000280	0.038	0.111	0.115	0.209	0.076	0.178	0.093	0.38	0.084	0.041	0.352	0.226	0.232	0.073	0.073	0.2	0.066	0.28	0.061	0.111	0.039	0.051	0.226	0.116	0.197	0.293	0.281	0.058	0.129	0.082	0.047	0.071	0.157	0.076	0.172	0.116	0.053	0.037	0.054	0.116	0.047	0.281	0.114	0.082	0.082	0.172	0.082	0.076	0.131	0.081	0.081	0.083	0.081	0.359	0.045	0.248	0.235	0.443	0.081	0.178	0.043	0.046	0.049	0.081	0.082	0.281	0.157	0.082	0.088	0.081	0.109	1	0.453	0.202	0.082	0.248	0.281	0.053	0.137	0.149	0.034	0.324	0.55	0.064	0.118	0.054	0.111	0.102	0.03	0.03	0.054	0.054	0.082	0.054	0.094	0.04	0.281	0.026	0.122	0.059	0.068	0.357	0.076	0.035	0.082	0.373	0.116	0.453	0.142	0.048	0.077	0.048	0.038	0.059	0.038	0.063	0.061
GO:0097435	0.061	0.166	0.181	0.326	0.101	0.276	0.121	0.518	0.116	0.057	0.527	0.381	0.257	0.097	0.097	0.267	0.087	0.479	0.087	0.154	0.053	0.071	0.324	0.147	0.254	0.437	0.357	0.097	0.169	0.11	0.061	0.104	0.207	0.108	0.297	0.147	0.082	0.048	0.071	0.147	0.066	0.357	0.159	0.11	0.11	0.21	0.121	0.104	0.171	0.101	0.101	0.132	0.101	0.501	0.059	0.313	0.338	0.451	0.101	0.236	0.056	0.067	0.068	0.101	0.11	0.357	0.207	0.11	0.122	0.104	0.158	0.453	1	0.309	0.11	0.313	0.357	0.08	0.232	0.21	0.05	0.368	0.527	0.105	0.165	0.071	0.154	0.132	0.042	0.042	0.071	0.071	0.11	0.084	0.119	0.06	0.357	0.04	0.16	0.096	0.09	0.361	0.119	0.051	0.11	0.403	0.147	0.639	0.187	0.079	0.113	0.063	0.057	0.092	0.065	0.083	0.087
GO:0006911	0.039	0.106	0.101	0.164	0.063	0.145	0.094	0.281	0.087	0.041	0.245	0.166	0.13	0.062	0.062	0.163	0.058	0.169	0.054	0.106	0.039	0.047	0.182	0.087	0.164	0.217	0.212	0.068	0.12	0.067	0.045	0.077	0.138	0.081	0.112	0.087	0.051	0.038	0.05	0.087	0.054	0.212	0.109	0.067	0.067	0.12	0.085	0.08	0.121	0.069	0.069	0.121	0.069	0.264	0.044	0.196	0.188	0.23	0.069	0.151	0.042	0.147	0.046	0.069	0.067	0.212	0.138	0.067	0.09	0.083	0.146	0.202	0.309	1	0.067	0.196	0.212	0.085	0.115	0.13	0.035	0.151	0.245	0.073	0.112	0.05	0.106	0.1	0.032	0.032	0.05	0.05	0.067	0.173	0.076	0.118	0.212	0.034	0.37	0.069	0.221	0.187	0.186	0.043	0.067	0.172	0.087	0.46	0.129	0.059	0.082	0.046	0.039	0.068	0.05	0.056	0.054
GO:0006952	0.082	0.089	0.095	0.064	0.123	0.054	0.132	0.097	0.145	0.173	0.093	0.071	0.055	0.289	0.289	0.135	0.218	0.053	0.267	0.179	0.067	0.218	0.061	0.428	0.141	0.077	0.176	0.059	0.173	0.329	0.387	0.133	0.104	0.061	0.036	0.428	0.043	0.128	0.207	0.428	0.037	0.176	0.082	0.135	0.135	0.246	0.064	0.053	0.085	0.12	0.12	0.073	0.12	0.085	0.071	0.154	0.063	0.1	0.12	0.119	0.067	0.035	0.085	0.291	0.135	0.176	0.104	0.135	0.062	0.125	0.09	0.082	0.11	0.067	1	0.154	0.176	0.046	0.053	0.11	0.155	0.07	0.093	0.061	0.085	0.085	0.179	0.145	0.052	0.052	0.085	0.085	0.135	0.051	0.141	0.034	0.176	0.021	0.08	0.056	0.11	0.074	0.065	0.03	0.329	0.075	0.176	0.11	0.093	0.044	0.06	0.506	0.073	0.224	0.038	0.102	0.11
GO:0016049	0.102	0.263	0.125	0.182	0.141	0.154	0.171	0.272	0.175	0.086	0.274	0.218	0.165	0.136	0.136	0.373	0.122	0.16	0.129	0.231	0.08	0.107	0.178	0.193	0.346	0.228	0.469	0.17	0.237	0.154	0.086	0.165	0.291	0.168	0.111	0.193	0.128	0.068	0.099	0.193	0.103	0.469	0.238	0.154	0.154	0.259	0.192	0.157	0.241	0.134	0.325	0.22	0.134	0.246	0.201	0.412	0.185	0.281	0.134	0.33	0.079	0.107	0.101	0.134	0.154	0.469	0.291	0.154	0.183	0.148	0.245	0.248	0.313	0.196	0.154	1	0.469	0.132	0.143	0.313	0.079	0.218	0.274	0.179	0.247	0.099	0.231	0.187	0.063	0.063	0.099	0.099	0.154	0.142	0.156	0.099	0.469	0.067	0.225	0.166	0.126	0.214	0.2	0.082	0.154	0.23	0.193	0.313	0.262	0.139	0.18	0.089	0.09	0.155	0.116	0.117	0.129
GO:0007059	0.116	0.298	0.131	0.199	0.16	0.166	0.181	0.3	0.188	0.093	0.311	0.245	0.177	0.154	0.154	0.428	0.136	0.173	0.147	0.254	0.087	0.119	0.192	0.224	0.39	0.253	0.543	0.186	0.259	0.176	0.092	0.178	0.323	0.181	0.116	0.224	0.055	0.072	0.108	0.224	0.107	0.543	0.263	0.176	0.176	0.306	0.21	0.167	0.263	0.148	0.148	0.246	0.148	0.273	0.089	0.469	0.2	0.311	0.148	0.373	0.085	0.113	0.112	0.148	0.176	0.543	0.323	0.176	0.197	0.156	0.272	0.281	0.357	0.212	0.176	0.469	1	0.14	0.154	0.357	0.086	0.247	0.311	0.197	0.274	0.108	0.254	0.2	0.067	0.067	0.108	0.108	0.176	0.152	0.176	0.104	0.543	0.069	0.244	0.18	0.141	0.431	0.221	0.085	0.176	0.261	0.224	0.357	0.289	0.15	0.196	0.096	0.1	0.167	0.124	0.13	0.147
GO:0001755	0.044	0.063	0.23	0.144	0.162	0.191	0.066	0.088	0.058	0.028	0.064	0.044	0.048	0.043	0.043	0.104	0.04	0.047	0.036	0.068	0.207	0.078	0.058	0.061	0.109	0.058	0.14	0.038	0.082	0.046	0.033	0.048	0.092	0.052	0.037	0.061	0.122	0.069	0.036	0.061	0.238	0.14	0.07	0.046	0.046	0.084	0.053	0.273	0.082	0.05	0.05	0.077	0.122	0.071	0.074	0.132	0.06	0.09	0.116	0.177	0.031	0.056	0.265	0.05	0.188	0.14	0.092	0.046	0.059	0.06	0.531	0.053	0.08	0.085	0.046	0.132	0.14	1	0.037	0.08	0.024	0.04	0.064	0.042	0.071	0.036	0.068	0.07	0.023	0.023	0.036	0.036	0.094	0.064	0.055	0.048	0.14	0.022	0.114	0.04	0.094	0.065	0.066	0.029	0.046	0.045	0.061	0.08	0.087	0.034	0.051	0.034	0.026	0.041	0.029	0.04	0.22
GO:0002503	0.028	0.064	0.071	0.115	0.05	0.19	0.067	0.218	0.058	0.032	0.176	0.162	0.088	0.049	0.049	0.112	0.046	0.159	0.041	0.07	0.03	0.037	0.235	0.07	0.117	0.299	0.154	0.036	0.085	0.053	0.089	0.047	0.096	0.051	0.107	0.07	0.037	0.031	0.04	0.07	0.036	0.154	0.071	0.053	0.053	0.098	0.052	0.054	0.086	0.057	0.057	0.049	0.057	0.201	0.036	0.143	0.141	0.17	0.057	0.104	0.084	0.034	0.036	0.057	0.053	0.154	0.096	0.389	0.06	0.06	0.066	0.137	0.232	0.115	0.053	0.143	0.154	0.037	1	0.084	0.065	0.093	0.176	0.04	0.073	0.04	0.07	0.11	0.026	0.026	0.04	0.04	0.053	0.037	0.151	0.03	0.154	0.02	0.082	0.038	0.047	0.136	0.046	0.028	0.053	0.111	0.314	0.232	0.09	0.032	0.05	0.037	0.029	0.039	0.026	0.045	0.041
GO:0006915	0.061	0.166	0.083	0.111	0.101	0.094	0.121	0.193	0.116	0.057	0.173	0.125	0.103	0.097	0.097	0.267	0.087	0.101	0.087	0.154	0.053	0.071	0.119	0.147	0.254	0.144	0.357	0.097	0.169	0.11	0.061	0.104	0.207	0.108	0.069	0.147	0.034	0.048	0.071	0.147	0.066	0.357	0.484	0.11	0.11	0.21	0.121	0.104	0.171	0.101	0.101	0.132	0.101	0.165	0.059	0.313	0.123	0.2	0.101	0.236	0.056	0.067	0.068	0.101	0.11	0.357	0.207	0.11	0.122	0.104	0.158	0.149	0.21	0.13	0.11	0.313	0.357	0.08	0.084	1	0.05	0.121	0.173	0.105	0.165	0.071	0.154	0.132	0.042	0.042	0.071	0.071	0.11	0.084	0.119	0.06	0.357	0.04	0.16	0.096	0.09	0.143	0.119	0.051	0.11	0.132	0.147	0.21	0.187	0.079	0.113	0.063	0.057	0.092	0.065	0.083	0.087
GO:0002822	0.034	0.039	0.053	0.031	0.06	0.027	0.145	0.175	0.222	0.089	0.04	0.028	0.094	0.143	0.143	0.064	0.105	0.027	0.12	0.166	0.12	0.105	0.112	0.209	0.074	0.035	0.086	0.027	0.089	0.155	0.134	0.19	0.184	0.112	0.068	0.209	0.068	0.187	0.28	0.209	0.065	0.086	0.14	0.146	0.146	0.121	0.031	0.088	0.137	0.192	0.192	0.031	0.192	0.094	0.119	0.079	0.124	0.052	0.192	0.059	0.234	0.019	0.042	0.393	0.064	0.086	0.184	0.155	0.033	0.188	0.043	0.034	0.05	0.035	0.155	0.079	0.086	0.024	0.065	0.05	1	0.026	0.04	0.027	0.042	0.137	0.166	0.475	0.086	0.086	0.137	0.137	0.064	0.026	0.513	0.019	0.086	0.04	0.044	0.026	0.056	0.038	0.029	0.06	0.155	0.029	0.209	0.05	0.117	0.02	0.029	0.257	0.117	0.057	0.018	0.053	0.05
GO:0030261	0.028	0.086	0.083	0.155	0.064	0.132	0.08	0.316	0.069	0.034	0.271	0.155	0.16	0.062	0.062	0.17	0.056	0.209	0.05	0.09	0.032	0.042	0.18	0.102	0.17	0.227	0.247	0.04	0.11	0.07	0.04	0.055	0.134	0.061	0.124	0.102	0.038	0.032	0.046	0.102	0.037	0.247	0.093	0.07	0.07	0.155	0.064	0.062	0.112	0.072	0.072	0.061	0.072	0.293	0.039	0.218	0.187	0.343	0.072	0.151	0.037	0.036	0.04	0.072	0.07	0.247	0.134	0.07	0.072	0.069	0.087	0.324	0.368	0.151	0.07	0.218	0.247	0.04	0.093	0.121	0.026	1	0.643	0.045	0.097	0.046	0.09	0.087	0.025	0.025	0.046	0.046	0.07	0.04	0.083	0.03	0.247	0.019	0.105	0.042	0.058	0.392	0.055	0.028	0.07	0.255	0.102	0.368	0.121	0.033	0.06	0.041	0.03	0.043	0.025	0.054	0.05
GO:0051276	0.048	0.133	0.142	0.256	0.086	0.217	0.104	0.435	0.097	0.048	0.422	0.288	0.294	0.083	0.083	0.227	0.074	0.342	0.071	0.128	0.045	0.059	0.266	0.128	0.22	0.351	0.311	0.074	0.145	0.093	0.052	0.084	0.177	0.089	0.214	0.128	0.065	0.042	0.061	0.128	0.055	0.311	0.132	0.093	0.093	0.187	0.098	0.087	0.147	0.089	0.089	0.103	0.089	0.416	0.051	0.274	0.276	0.531	0.089	0.201	0.048	0.055	0.056	0.089	0.093	0.311	0.177	0.093	0.102	0.09	0.129	0.55	0.527	0.245	0.093	0.274	0.311	0.064	0.176	0.173	0.04	0.643	1	0.08	0.137	0.061	0.128	0.114	0.035	0.035	0.061	0.061	0.093	0.066	0.104	0.048	0.311	0.031	0.137	0.074	0.077	0.637	0.093	0.042	0.093	0.476	0.128	0.527	0.16	0.061	0.092	0.054	0.046	0.072	0.049	0.071	0.071
GO:0016071	0.029	0.078	0.05	0.054	0.057	0.047	0.076	0.111	0.067	0.033	0.08	0.051	0.054	0.056	0.056	0.141	0.051	0.053	0.046	0.083	0.032	0.04	0.068	0.084	0.144	0.07	0.197	0.692	0.243	0.061	0.039	0.054	0.117	0.059	0.039	0.084	0.022	0.032	0.044	0.084	0.039	0.197	0.085	0.061	0.061	0.121	0.26	0.061	0.101	0.064	0.064	0.059	0.064	0.087	0.038	0.179	0.07	0.114	0.064	0.129	0.16	0.038	0.038	0.064	0.061	0.197	0.117	0.061	0.404	0.067	0.08	0.064	0.105	0.073	0.061	0.179	0.197	0.042	0.04	0.105	0.027	0.045	0.08	1	0.337	0.106	0.083	0.082	0.165	0.165	0.106	0.106	0.061	0.041	0.072	0.137	0.197	0.273	0.096	0.421	0.052	0.078	0.055	0.389	0.061	0.053	0.084	0.105	0.108	0.216	0.647	0.04	0.196	0.512	0.31	0.278	0.046
GO:0006643	0.049	0.133	0.075	0.094	0.08	0.081	0.107	0.16	0.101	0.048	0.137	0.101	0.089	0.077	0.077	0.207	0.071	0.087	0.068	0.128	0.046	0.058	0.103	0.113	0.204	0.118	0.274	0.313	0.347	0.085	0.052	0.09	0.169	0.094	0.063	0.113	0.033	0.043	0.06	0.113	0.06	0.274	0.132	0.085	0.085	0.157	0.308	0.092	0.145	0.084	0.084	0.107	0.084	0.136	0.051	0.247	0.106	0.165	0.084	0.188	0.147	0.061	0.056	0.084	0.085	0.274	0.169	0.085	0.405	0.094	0.129	0.118	0.165	0.112	0.085	0.247	0.274	0.071	0.073	0.165	0.042	0.097	0.137	0.337	1	0.145	0.128	0.116	0.142	0.142	0.145	0.145	0.085	0.074	0.095	0.131	0.274	0.135	0.136	0.308	0.073	0.121	0.099	0.155	0.085	0.105	0.113	0.165	0.155	0.253	0.348	0.054	0.181	0.286	0.217	0.362	0.068
GO:0009890	0.054	0.059	0.035	0.046	0.081	0.041	0.128	0.209	0.137	0.052	0.061	0.047	0.122	0.079	0.079	0.085	0.073	0.041	0.071	0.153	0.149	0.062	0.139	0.108	0.094	0.053	0.108	0.104	0.15	0.085	0.056	0.122	0.22	0.14	0.088	0.108	0.072	0.191	0.258	0.108	0.128	0.108	0.174	0.176	0.176	0.145	0.209	0.173	0.258	0.347	0.347	0.049	0.347	0.119	0.223	0.099	0.152	0.07	0.347	0.079	0.26	0.029	0.059	0.227	0.085	0.108	0.22	0.085	0.115	0.174	0.062	0.054	0.071	0.05	0.085	0.099	0.108	0.036	0.04	0.071	0.137	0.046	0.061	0.106	0.145	1	0.153	0.138	0.655	0.394	0.347	0.602	0.085	0.039	0.294	0.069	0.108	0.306	0.059	0.1	0.074	0.054	0.046	0.205	0.085	0.049	0.108	0.071	0.222	0.082	0.108	0.155	0.309	0.092	0.133	0.172	0.071
GO:0002224	0.046	0.124	0.102	0.089	0.075	0.078	0.546	0.396	0.537	0.102	0.128	0.095	0.215	0.164	0.164	0.193	0.122	0.084	0.141	0.645	0.134	0.122	0.252	0.239	0.446	0.111	0.254	0.078	0.248	0.179	0.085	0.472	0.418	0.348	0.152	0.239	0.09	0.153	0.224	0.239	0.136	0.254	0.32	0.169	0.169	0.145	0.097	0.202	0.416	0.327	0.214	0.101	0.214	0.184	0.132	0.231	0.27	0.156	0.214	0.176	0.127	0.059	0.053	0.316	0.08	0.254	0.418	0.08	0.1	0.491	0.122	0.111	0.154	0.106	0.179	0.231	0.254	0.068	0.07	0.154	0.166	0.09	0.128	0.083	0.128	0.153	1	0.59	0.096	0.096	0.153	0.153	0.08	0.071	0.285	0.053	0.254	0.087	0.13	0.078	0.068	0.115	0.093	0.116	0.179	0.099	0.105	0.154	0.28	0.066	0.092	0.204	0.133	0.162	0.055	0.065	0.063
GO:0002764	0.042	0.112	0.104	0.087	0.063	0.078	0.523	0.342	0.578	0.093	0.114	0.09	0.208	0.136	0.136	0.159	0.107	0.083	0.119	0.59	0.124	0.107	0.238	0.185	0.371	0.103	0.2	0.078	0.227	0.145	0.138	0.518	0.356	0.333	0.157	0.185	0.121	0.195	0.273	0.185	0.143	0.2	0.285	0.135	0.135	0.108	0.093	0.198	0.373	0.278	0.182	0.095	0.182	0.163	0.123	0.187	0.251	0.136	0.182	0.149	0.235	0.062	0.048	0.363	0.066	0.2	0.356	0.145	0.096	0.532	0.111	0.102	0.132	0.1	0.145	0.187	0.2	0.07	0.11	0.132	0.475	0.087	0.114	0.082	0.116	0.138	0.59	1	0.094	0.094	0.138	0.138	0.066	0.072	0.454	0.057	0.2	0.098	0.119	0.078	0.059	0.106	0.09	0.125	0.145	0.093	0.185	0.132	0.256	0.069	0.089	0.254	0.122	0.162	0.06	0.056	0.054
GO:0010558	0.03	0.034	0.024	0.029	0.049	0.026	0.089	0.137	0.092	0.033	0.035	0.026	0.079	0.049	0.049	0.052	0.046	0.026	0.042	0.096	0.098	0.038	0.093	0.067	0.06	0.032	0.067	0.163	0.098	0.052	0.037	0.079	0.142	0.093	0.06	0.067	0.054	0.133	0.169	0.067	0.09	0.067	0.111	0.11	0.11	0.09	0.371	0.116	0.169	0.229	0.229	0.028	0.229	0.076	0.151	0.063	0.102	0.045	0.229	0.049	0.319	0.02	0.037	0.15	0.052	0.067	0.142	0.052	0.191	0.123	0.038	0.03	0.042	0.032	0.052	0.063	0.067	0.023	0.026	0.042	0.086	0.025	0.035	0.165	0.142	0.655	0.096	0.094	1	0.631	0.227	0.394	0.052	0.025	0.192	0.125	0.067	0.483	0.039	0.1	0.047	0.034	0.027	0.261	0.052	0.027	0.067	0.042	0.137	0.12	0.163	0.103	0.371	0.137	0.153	0.173	0.042
GO:0010557	0.03	0.034	0.024	0.029	0.049	0.026	0.089	0.137	0.092	0.033	0.035	0.026	0.079	0.049	0.049	0.052	0.046	0.026	0.042	0.096	0.098	0.038	0.093	0.067	0.06	0.032	0.067	0.163	0.098	0.052	0.037	0.079	0.142	0.093	0.06	0.067	0.035	0.087	0.11	0.067	0.059	0.067	0.111	0.11	0.11	0.09	0.371	0.076	0.11	0.15	0.15	0.028	0.15	0.076	0.099	0.063	0.102	0.045	0.15	0.049	0.319	0.02	0.037	0.229	0.052	0.067	0.142	0.052	0.191	0.08	0.038	0.03	0.042	0.032	0.052	0.063	0.067	0.023	0.026	0.042	0.086	0.025	0.035	0.165	0.142	0.394	0.096	0.094	0.631	1	0.369	0.655	0.052	0.025	0.192	0.125	0.067	0.311	0.039	0.1	0.047	0.034	0.027	0.18	0.052	0.027	0.067	0.042	0.094	0.12	0.163	0.158	0.371	0.137	0.153	0.173	0.042
GO:0009896	0.054	0.059	0.035	0.046	0.081	0.041	0.128	0.209	0.137	0.052	0.061	0.047	0.122	0.079	0.079	0.085	0.073	0.041	0.071	0.153	0.149	0.062	0.139	0.108	0.094	0.053	0.108	0.104	0.15	0.085	0.056	0.122	0.22	0.14	0.088	0.108	0.047	0.125	0.169	0.108	0.084	0.108	0.174	0.176	0.176	0.145	0.114	0.113	0.169	0.227	0.227	0.049	0.227	0.119	0.146	0.099	0.152	0.07	0.227	0.079	0.26	0.029	0.059	0.347	0.085	0.108	0.22	0.085	0.115	0.114	0.062	0.054	0.071	0.05	0.085	0.099	0.108	0.036	0.04	0.071	0.137	0.046	0.061	0.106	0.145	0.347	0.153	0.138	0.227	0.369	1	0.563	0.085	0.039	0.294	0.069	0.108	0.11	0.059	0.1	0.074	0.054	0.046	0.228	0.085	0.049	0.108	0.071	0.151	0.082	0.108	0.237	0.309	0.092	0.072	0.172	0.071
GO:0009891	0.054	0.059	0.035	0.046	0.081	0.041	0.128	0.209	0.137	0.052	0.061	0.047	0.122	0.079	0.079	0.085	0.073	0.041	0.071	0.153	0.149	0.062	0.139	0.108	0.094	0.053	0.108	0.104	0.15	0.085	0.056	0.122	0.22	0.14	0.088	0.108	0.047	0.125	0.169	0.108	0.084	0.108	0.174	0.176	0.176	0.145	0.209	0.113	0.169	0.227	0.227	0.049	0.227	0.119	0.146	0.099	0.152	0.07	0.227	0.079	0.26	0.029	0.059	0.347	0.085	0.108	0.22	0.085	0.115	0.114	0.062	0.054	0.071	0.05	0.085	0.099	0.108	0.036	0.04	0.071	0.137	0.046	0.061	0.106	0.145	0.602	0.153	0.138	0.394	0.655	0.563	1	0.085	0.039	0.294	0.069	0.108	0.187	0.059	0.1	0.074	0.054	0.046	0.138	0.085	0.049	0.108	0.071	0.151	0.082	0.108	0.237	0.309	0.092	0.133	0.172	0.071
GO:0003012	0.368	0.089	0.079	0.064	0.123	0.13	0.06	0.097	0.06	0.071	0.093	0.071	0.055	0.119	0.119	0.135	0.106	0.053	0.11	0.08	0.162	0.09	0.061	0.176	0.141	0.077	0.176	0.059	0.084	0.135	0.073	0.055	0.104	0.061	0.036	0.176	0.039	0.058	0.085	0.176	0.089	0.176	0.082	0.135	0.135	0.246	0.064	0.053	0.085	0.12	0.12	0.073	0.12	0.085	0.071	0.154	0.063	0.1	0.12	0.119	0.067	0.035	0.207	0.12	0.135	0.176	0.104	0.135	0.062	0.051	0.09	0.082	0.11	0.067	0.135	0.154	0.176	0.094	0.053	0.11	0.064	0.07	0.093	0.061	0.085	0.085	0.08	0.066	0.052	0.052	0.085	0.085	1	0.051	0.141	0.034	0.176	0.021	0.08	0.056	0.11	0.074	0.065	0.03	0.135	0.075	0.176	0.11	0.093	0.044	0.06	0.076	0.073	0.05	0.038	0.102	0.11
GO:0006405	0.027	0.065	0.046	0.048	0.048	0.043	0.068	0.093	0.059	0.031	0.066	0.044	0.048	0.048	0.048	0.111	0.045	0.048	0.04	0.071	0.03	0.036	0.06	0.068	0.116	0.06	0.152	0.038	0.085	0.051	0.036	0.049	0.097	0.053	0.036	0.068	0.022	0.03	0.039	0.068	0.037	0.152	0.072	0.051	0.051	0.094	0.054	0.055	0.086	0.055	0.055	0.165	0.055	0.073	0.035	0.142	0.061	0.095	0.055	0.104	0.034	0.396	0.035	0.055	0.051	0.152	0.097	0.051	0.061	0.061	0.109	0.054	0.084	0.173	0.051	0.142	0.152	0.064	0.037	0.084	0.026	0.04	0.066	0.041	0.074	0.039	0.071	0.072	0.025	0.025	0.039	0.039	0.051	1	0.06	0.653	0.152	0.021	0.39	0.039	0.493	0.067	0.17	0.029	0.051	0.046	0.068	0.084	0.091	0.033	0.051	0.037	0.028	0.04	0.028	0.044	0.04
GO:0002682	0.094	0.1	0.05	0.074	0.13	0.063	0.211	0.36	0.236	0.081	0.104	0.083	0.221	0.126	0.126	0.141	0.114	0.063	0.119	0.285	0.261	0.1	0.24	0.176	0.145	0.088	0.176	0.07	0.092	0.141	0.198	0.222	0.384	0.24	0.151	0.176	0.074	0.205	0.294	0.176	0.139	0.176	0.316	0.307	0.307	0.234	0.075	0.198	0.294	0.385	0.385	0.085	0.385	0.203	0.247	0.156	0.259	0.108	0.385	0.126	0.48	0.043	0.095	0.385	0.141	0.176	0.384	0.342	0.072	0.184	0.1	0.094	0.119	0.076	0.141	0.156	0.176	0.055	0.151	0.119	0.513	0.083	0.104	0.072	0.095	0.294	0.285	0.454	0.192	0.192	0.294	0.294	0.141	0.06	1	0.042	0.176	0.092	0.088	0.067	0.117	0.083	0.077	0.121	0.141	0.088	0.427	0.119	0.282	0.055	0.07	0.264	0.289	0.061	0.047	0.11	0.119
GO:0006406	0.018	0.048	0.039	0.037	0.033	0.035	0.055	0.069	0.047	0.023	0.048	0.034	0.039	0.033	0.033	0.078	0.031	0.038	0.027	0.053	0.022	0.025	0.047	0.045	0.083	0.045	0.104	0.2	0.105	0.034	0.026	0.039	0.071	0.042	0.031	0.045	0.02	0.023	0.028	0.045	0.032	0.104	0.054	0.034	0.034	0.061	0.148	0.044	0.065	0.039	0.039	0.218	0.039	0.055	0.026	0.099	0.048	0.07	0.039	0.074	0.179	0.476	0.024	0.039	0.034	0.104	0.071	0.034	0.172	0.05	0.075	0.04	0.06	0.118	0.034	0.099	0.104	0.048	0.03	0.06	0.019	0.03	0.048	0.137	0.131	0.069	0.053	0.057	0.125	0.125	0.069	0.069	0.034	0.653	0.042	1	0.104	0.115	0.274	0.086	0.312	0.052	0.108	0.118	0.034	0.034	0.045	0.06	0.068	0.103	0.143	0.027	0.203	0.119	0.065	0.124	0.027
GO:0007163	0.116	0.298	0.131	0.199	0.16	0.166	0.181	0.3	0.188	0.093	0.311	0.245	0.177	0.154	0.154	0.428	0.136	0.173	0.147	0.254	0.087	0.119	0.192	0.224	0.39	0.253	0.543	0.186	0.259	0.176	0.092	0.178	0.323	0.181	0.116	0.224	0.055	0.072	0.108	0.224	0.107	0.543	0.263	0.176	0.176	0.306	0.21	0.167	0.263	0.148	0.148	0.246	0.148	0.273	0.089	0.469	0.2	0.311	0.148	0.373	0.085	0.113	0.112	0.148	0.176	0.543	0.323	0.176	0.197	0.156	0.272	0.281	0.357	0.212	0.176	0.469	0.543	0.14	0.154	0.357	0.086	0.247	0.311	0.197	0.274	0.108	0.254	0.2	0.067	0.067	0.108	0.108	0.176	0.152	0.176	0.104	1	0.069	0.244	0.18	0.141	0.234	0.221	0.085	0.176	0.261	0.224	0.357	0.289	0.15	0.196	0.096	0.1	0.167	0.124	0.13	0.147
GO:0045892	0.011	0.031	0.028	0.025	0.021	0.024	0.094	0.131	0.085	0.014	0.031	0.021	0.073	0.021	0.021	0.052	0.02	0.026	0.016	0.087	0.048	0.015	0.091	0.028	0.056	0.03	0.069	0.272	0.11	0.021	0.018	0.069	0.134	0.082	0.062	0.028	0.063	0.07	0.081	0.028	0.091	0.069	0.101	0.049	0.049	0.039	0.314	0.12	0.172	0.11	0.11	0.025	0.11	0.057	0.075	0.067	0.097	0.048	0.11	0.05	0.242	0.022	0.015	0.073	0.021	0.069	0.134	0.021	0.223	0.135	0.033	0.026	0.04	0.034	0.021	0.067	0.069	0.022	0.02	0.04	0.04	0.019	0.031	0.273	0.135	0.306	0.087	0.098	0.483	0.311	0.11	0.187	0.021	0.021	0.092	0.115	0.069	1	0.044	0.154	0.02	0.035	0.024	0.397	0.021	0.022	0.028	0.04	0.129	0.12	0.276	0.052	0.26	0.219	0.257	0.105	0.016
GO:0045324	0.05	0.134	0.081	0.101	0.075	0.089	0.111	0.157	0.106	0.05	0.137	0.108	0.096	0.074	0.074	0.193	0.068	0.094	0.066	0.13	0.047	0.058	0.108	0.101	0.191	0.121	0.244	0.091	0.142	0.08	0.053	0.097	0.164	0.1	0.07	0.101	0.038	0.044	0.059	0.101	0.068	0.244	0.133	0.08	0.08	0.134	0.108	0.098	0.144	0.079	0.079	0.238	0.079	0.136	0.052	0.225	0.111	0.16	0.079	0.179	0.05	0.343	0.056	0.079	0.08	0.244	0.164	0.08	0.11	0.099	0.189	0.122	0.16	0.37	0.08	0.225	0.244	0.114	0.082	0.16	0.044	0.105	0.137	0.096	0.136	0.059	0.13	0.119	0.039	0.039	0.059	0.059	0.08	0.39	0.088	0.274	0.244	0.044	1	0.091	0.261	0.123	0.251	0.055	0.08	0.112	0.101	0.16	0.153	0.078	0.103	0.055	0.049	0.088	0.067	0.067	0.066
GO:0009187	0.027	0.072	0.048	0.051	0.053	0.045	0.073	0.104	0.063	0.032	0.074	0.047	0.051	0.052	0.052	0.13	0.048	0.05	0.042	0.078	0.03	0.037	0.064	0.077	0.134	0.065	0.18	0.358	0.229	0.056	0.037	0.052	0.109	0.056	0.037	0.077	0.021	0.031	0.041	0.077	0.038	0.18	0.08	0.056	0.056	0.11	0.183	0.058	0.095	0.06	0.06	0.055	0.06	0.082	0.036	0.166	0.066	0.107	0.06	0.119	0.101	0.036	0.036	0.06	0.056	0.18	0.109	0.056	0.306	0.065	0.074	0.059	0.096	0.069	0.056	0.166	0.18	0.04	0.038	0.096	0.026	0.042	0.074	0.421	0.308	0.1	0.078	0.078	0.1	0.1	0.1	0.1	0.056	0.039	0.067	0.086	0.18	0.154	0.091	1	0.049	0.074	0.051	0.19	0.056	0.049	0.077	0.096	0.101	0.246	0.424	0.038	0.116	0.329	0.695	0.347	0.042
GO:0051236	0.068	0.074	0.039	0.055	0.102	0.048	0.054	0.083	0.053	0.062	0.077	0.059	0.048	0.099	0.099	0.11	0.089	0.047	0.09	0.068	0.059	0.076	0.054	0.141	0.117	0.065	0.141	0.051	0.073	0.11	0.065	0.049	0.088	0.054	0.033	0.141	0.018	0.053	0.074	0.141	0.034	0.141	0.071	0.11	0.11	0.192	0.056	0.048	0.074	0.102	0.102	0.245	0.102	0.073	0.063	0.126	0.056	0.085	0.102	0.099	0.06	0.192	0.073	0.102	0.11	0.141	0.088	0.11	0.055	0.047	0.171	0.068	0.09	0.221	0.11	0.126	0.141	0.094	0.047	0.09	0.056	0.058	0.077	0.052	0.073	0.074	0.068	0.059	0.047	0.047	0.074	0.074	0.11	0.493	0.117	0.312	0.141	0.02	0.261	0.049	1	0.064	0.225	0.029	0.11	0.062	0.141	0.09	0.08	0.039	0.053	0.067	0.063	0.044	0.034	0.086	0.09
GO:0000819	0.042	0.116	0.117	0.192	0.069	0.168	0.099	0.321	0.092	0.044	0.289	0.2	0.212	0.068	0.068	0.311	0.063	0.252	0.059	0.115	0.041	0.051	0.208	0.096	0.178	0.253	0.234	0.073	0.129	0.074	0.048	0.082	0.15	0.086	0.166	0.096	0.058	0.04	0.054	0.096	0.057	0.234	0.117	0.074	0.074	0.133	0.092	0.085	0.13	0.074	0.074	0.095	0.074	0.303	0.046	0.521	0.214	0.368	0.074	0.164	0.045	0.057	0.05	0.074	0.074	0.234	0.15	0.074	0.096	0.087	0.114	0.357	0.361	0.187	0.074	0.214	0.431	0.065	0.136	0.143	0.038	0.392	0.637	0.078	0.121	0.054	0.115	0.106	0.034	0.034	0.054	0.054	0.074	0.067	0.083	0.052	0.234	0.035	0.123	0.074	0.064	1	0.088	0.045	0.074	0.306	0.096	0.361	0.206	0.063	0.087	0.049	0.042	0.072	0.053	0.061	0.059
GO:1902600	0.031	0.09	0.055	0.062	0.061	0.054	0.083	0.124	0.074	0.035	0.093	0.061	0.061	0.06	0.06	0.159	0.055	0.06	0.049	0.093	0.033	0.042	0.075	0.091	0.161	0.08	0.221	0.05	0.11	0.065	0.041	0.062	0.131	0.066	0.043	0.091	0.024	0.033	0.046	0.091	0.043	0.221	0.096	0.065	0.065	0.132	0.07	0.067	0.112	0.068	0.068	0.099	0.068	0.099	0.039	0.2	0.078	0.127	0.068	0.145	0.038	0.142	0.041	0.068	0.065	0.221	0.131	0.065	0.077	0.073	0.129	0.076	0.119	0.186	0.065	0.2	0.221	0.066	0.046	0.119	0.029	0.055	0.093	0.055	0.099	0.046	0.093	0.09	0.027	0.027	0.046	0.046	0.065	0.17	0.077	0.108	0.221	0.024	0.251	0.051	0.225	0.088	1	0.033	0.065	0.064	0.091	0.119	0.12	0.042	0.066	0.042	0.032	0.051	0.034	0.053	0.049
GO:0043488	0.018	0.041	0.035	0.034	0.03	0.031	0.12	0.166	0.112	0.022	0.042	0.03	0.099	0.029	0.029	0.065	0.028	0.034	0.025	0.116	0.069	0.023	0.119	0.039	0.069	0.039	0.085	0.319	0.127	0.03	0.025	0.095	0.17	0.108	0.082	0.039	0.074	0.088	0.103	0.039	0.092	0.085	0.133	0.136	0.136	0.051	0.16	0.118	0.166	0.137	0.137	0.034	0.137	0.127	0.096	0.082	0.167	0.059	0.137	0.062	0.268	0.028	0.023	0.098	0.03	0.085	0.17	0.03	0.244	0.134	0.043	0.035	0.051	0.043	0.03	0.082	0.085	0.029	0.028	0.051	0.06	0.028	0.042	0.389	0.155	0.205	0.116	0.125	0.261	0.18	0.228	0.138	0.03	0.029	0.121	0.118	0.085	0.397	0.055	0.19	0.029	0.045	0.033	1	0.03	0.031	0.039	0.051	0.134	0.131	0.319	0.073	0.363	0.255	0.157	0.123	0.025
GO:0009314	0.082	0.089	0.095	0.064	0.123	0.054	0.34	0.097	0.145	0.501	0.093	0.071	0.055	0.289	0.532	0.135	0.218	0.053	0.812	0.179	0.067	0.218	0.061	0.428	0.141	0.077	0.176	0.059	0.173	0.329	0.144	0.133	0.104	0.061	0.036	0.428	0.043	0.128	0.207	0.428	0.037	0.176	0.082	0.135	0.135	0.246	0.064	0.053	0.085	0.12	0.12	0.073	0.12	0.085	0.071	0.154	0.063	0.1	0.12	0.119	0.067	0.035	0.085	0.291	0.135	0.176	0.104	0.135	0.062	0.125	0.09	0.082	0.11	0.067	0.329	0.154	0.176	0.046	0.053	0.11	0.155	0.07	0.093	0.061	0.085	0.085	0.179	0.145	0.052	0.052	0.085	0.085	0.135	0.051	0.141	0.034	0.176	0.021	0.08	0.056	0.11	0.074	0.065	0.03	1	0.075	0.176	0.11	0.093	0.044	0.06	0.185	0.073	0.122	0.038	0.102	0.11
GO:0007040	0.032	0.096	0.096	0.177	0.069	0.151	0.085	0.342	0.075	0.037	0.304	0.184	0.189	0.067	0.067	0.182	0.06	0.238	0.055	0.099	0.034	0.045	0.198	0.107	0.181	0.254	0.261	0.047	0.118	0.075	0.043	0.061	0.143	0.067	0.144	0.107	0.044	0.034	0.049	0.107	0.041	0.261	0.102	0.075	0.075	0.162	0.071	0.068	0.12	0.076	0.076	0.07	0.076	0.32	0.041	0.23	0.206	0.384	0.076	0.162	0.039	0.04	0.043	0.076	0.075	0.261	0.143	0.075	0.079	0.074	0.096	0.373	0.403	0.172	0.075	0.23	0.261	0.045	0.111	0.132	0.029	0.255	0.476	0.053	0.105	0.049	0.099	0.093	0.027	0.027	0.049	0.049	0.075	0.046	0.088	0.034	0.261	0.022	0.112	0.049	0.062	0.306	0.064	0.031	0.075	1	0.107	0.403	0.13	0.039	0.067	0.044	0.033	0.05	0.031	0.058	0.055
GO:0019882	0.116	0.123	0.054	0.086	0.16	0.072	0.075	0.123	0.077	0.093	0.128	0.101	0.073	0.154	0.154	0.176	0.136	0.071	0.147	0.105	0.087	0.119	0.079	0.224	0.176	0.104	0.224	0.081	0.107	0.176	0.224	0.073	0.133	0.079	0.048	0.224	0.024	0.072	0.108	0.224	0.047	0.224	0.108	0.176	0.176	0.306	0.086	0.069	0.108	0.148	0.148	0.101	0.148	0.112	0.089	0.193	0.082	0.128	0.148	0.154	0.206	0.046	0.112	0.148	0.176	0.224	0.133	0.788	0.081	0.064	0.119	0.116	0.147	0.087	0.176	0.193	0.224	0.061	0.314	0.147	0.209	0.102	0.128	0.084	0.113	0.108	0.105	0.185	0.067	0.067	0.108	0.108	0.176	0.068	0.427	0.045	0.224	0.028	0.101	0.077	0.141	0.096	0.091	0.039	0.176	0.107	1	0.147	0.119	0.062	0.081	0.096	0.1	0.069	0.052	0.13	0.147
GO:0061024	0.061	0.166	0.181	0.326	0.101	0.276	0.121	0.518	0.116	0.057	0.527	0.381	0.257	0.097	0.097	0.267	0.087	0.306	0.087	0.154	0.053	0.071	0.324	0.147	0.254	0.437	0.357	0.097	0.169	0.11	0.061	0.104	0.207	0.108	0.193	0.147	0.082	0.048	0.071	0.147	0.066	0.357	0.159	0.11	0.11	0.21	0.121	0.104	0.171	0.101	0.101	0.132	0.101	0.501	0.059	0.313	0.338	0.451	0.101	0.236	0.056	0.067	0.068	0.101	0.11	0.357	0.207	0.11	0.122	0.104	0.158	0.453	0.639	0.46	0.11	0.313	0.357	0.08	0.232	0.21	0.05	0.368	0.527	0.105	0.165	0.071	0.154	0.132	0.042	0.042	0.071	0.071	0.11	0.084	0.119	0.06	0.357	0.04	0.16	0.096	0.09	0.361	0.119	0.051	0.11	0.403	0.147	1	0.187	0.079	0.113	0.063	0.057	0.092	0.065	0.083	0.087
GO:0031570	0.058	0.155	0.088	0.113	0.087	0.099	0.237	0.397	0.238	0.056	0.16	0.124	0.216	0.085	0.085	0.369	0.078	0.104	0.077	0.28	0.132	0.067	0.254	0.119	0.221	0.139	0.289	0.102	0.159	0.093	0.059	0.208	0.419	0.233	0.154	0.119	0.114	0.161	0.222	0.119	0.207	0.289	0.322	0.176	0.176	0.16	0.121	0.311	0.488	0.313	0.313	0.13	0.313	0.206	0.191	0.398	0.271	0.183	0.313	0.207	0.125	0.074	0.064	0.211	0.093	0.289	0.419	0.093	0.122	0.309	0.15	0.142	0.187	0.129	0.093	0.262	0.289	0.087	0.09	0.187	0.117	0.121	0.16	0.108	0.155	0.222	0.28	0.256	0.137	0.094	0.151	0.151	0.093	0.091	0.282	0.068	0.289	0.129	0.153	0.101	0.08	0.206	0.12	0.134	0.093	0.13	0.119	0.187	1	0.087	0.115	0.138	0.13	0.097	0.073	0.076	0.077
GO:0018105	0.02	0.059	0.042	0.043	0.042	0.038	0.064	0.089	0.055	0.025	0.061	0.038	0.044	0.041	0.041	0.107	0.039	0.043	0.033	0.066	0.024	0.029	0.055	0.062	0.113	0.054	0.15	0.195	0.197	0.044	0.031	0.044	0.093	0.048	0.033	0.062	0.019	0.026	0.034	0.062	0.033	0.15	0.067	0.044	0.044	0.089	0.246	0.051	0.082	0.05	0.05	0.045	0.05	0.069	0.03	0.139	0.057	0.091	0.05	0.1	0.112	0.032	0.028	0.05	0.044	0.15	0.093	0.044	0.491	0.058	0.062	0.048	0.079	0.059	0.044	0.139	0.15	0.034	0.032	0.079	0.02	0.033	0.061	0.216	0.253	0.082	0.066	0.069	0.12	0.12	0.082	0.082	0.044	0.033	0.055	0.103	0.15	0.12	0.078	0.246	0.039	0.063	0.042	0.131	0.044	0.039	0.062	0.079	0.087	1	0.289	0.031	0.128	0.22	0.172	0.203	0.033
GO:0006310	0.032	0.089	0.057	0.065	0.057	0.057	0.083	0.118	0.075	0.035	0.092	0.064	0.064	0.056	0.056	0.146	0.052	0.063	0.047	0.092	0.034	0.041	0.076	0.081	0.149	0.081	0.196	0.567	0.26	0.06	0.04	0.064	0.124	0.068	0.047	0.081	0.026	0.033	0.045	0.081	0.046	0.196	0.094	0.06	0.06	0.113	0.362	0.069	0.108	0.063	0.063	0.071	0.063	0.097	0.039	0.18	0.078	0.121	0.063	0.135	0.159	0.045	0.04	0.063	0.06	0.196	0.124	0.06	0.501	0.074	0.09	0.077	0.113	0.082	0.06	0.18	0.196	0.051	0.05	0.113	0.029	0.06	0.092	0.647	0.348	0.108	0.092	0.089	0.163	0.163	0.108	0.108	0.06	0.051	0.07	0.143	0.196	0.276	0.103	0.424	0.053	0.087	0.066	0.319	0.06	0.067	0.081	0.113	0.115	0.289	1	0.041	0.191	0.669	0.32	0.265	0.047
GO:0031349	0.048	0.053	0.074	0.043	0.072	0.038	0.174	0.191	0.26	0.117	0.054	0.043	0.113	0.172	0.172	0.076	0.136	0.038	0.153	0.204	0.138	0.136	0.129	0.233	0.085	0.048	0.096	0.039	0.117	0.185	0.234	0.231	0.199	0.129	0.083	0.233	0.088	0.223	0.318	0.233	0.079	0.096	0.159	0.157	0.157	0.128	0.043	0.106	0.155	0.206	0.206	0.045	0.206	0.108	0.136	0.089	0.141	0.064	0.206	0.071	0.131	0.028	0.054	0.69	0.076	0.096	0.199	0.076	0.044	0.22	0.056	0.048	0.063	0.046	0.506	0.089	0.096	0.034	0.037	0.063	0.257	0.041	0.054	0.04	0.054	0.155	0.204	0.254	0.103	0.158	0.237	0.237	0.076	0.037	0.264	0.027	0.096	0.052	0.055	0.038	0.067	0.049	0.042	0.073	0.185	0.044	0.096	0.063	0.138	0.031	0.041	1	0.138	0.141	0.028	0.064	0.063
GO:0010608	0.038	0.044	0.026	0.034	0.069	0.029	0.112	0.195	0.12	0.041	0.046	0.032	0.102	0.067	0.067	0.073	0.061	0.029	0.057	0.133	0.132	0.049	0.122	0.1	0.084	0.039	0.1	0.292	0.123	0.073	0.045	0.103	0.206	0.122	0.072	0.1	0.038	0.109	0.151	0.1	0.069	0.1	0.156	0.168	0.168	0.142	0.201	0.095	0.151	0.215	0.215	0.035	0.215	0.105	0.13	0.09	0.135	0.059	0.215	0.067	0.596	0.02	0.047	0.215	0.073	0.1	0.206	0.073	0.227	0.099	0.049	0.038	0.057	0.039	0.073	0.09	0.1	0.026	0.029	0.057	0.117	0.03	0.046	0.196	0.181	0.309	0.133	0.122	0.371	0.371	0.309	0.309	0.073	0.028	0.289	0.203	0.1	0.26	0.049	0.116	0.063	0.042	0.032	0.363	0.073	0.033	0.1	0.057	0.13	0.128	0.191	0.138	1	0.152	0.077	0.228	0.057
GO:0006302	0.024	0.071	0.071	0.051	0.048	0.046	0.151	0.1	0.141	0.071	0.072	0.048	0.051	0.113	0.113	0.122	0.082	0.051	0.092	0.162	0.028	0.082	0.063	0.167	0.126	0.064	0.167	0.44	0.302	0.122	0.095	0.118	0.104	0.056	0.038	0.167	0.034	0.061	0.092	0.167	0.038	0.167	0.078	0.05	0.05	0.098	0.29	0.058	0.092	0.055	0.055	0.055	0.055	0.079	0.033	0.155	0.065	0.102	0.055	0.113	0.13	0.037	0.033	0.133	0.05	0.167	0.104	0.05	0.42	0.143	0.072	0.059	0.092	0.068	0.224	0.155	0.167	0.041	0.039	0.092	0.057	0.043	0.072	0.512	0.286	0.092	0.162	0.162	0.137	0.137	0.092	0.092	0.05	0.04	0.061	0.119	0.167	0.219	0.088	0.329	0.044	0.072	0.051	0.255	0.122	0.05	0.069	0.092	0.097	0.22	0.669	0.141	0.152	1	0.248	0.224	0.038
GO:0009190	0.017	0.048	0.037	0.035	0.036	0.032	0.056	0.075	0.047	0.022	0.049	0.03	0.037	0.035	0.035	0.088	0.033	0.036	0.028	0.055	0.022	0.025	0.047	0.052	0.094	0.044	0.124	0.262	0.168	0.038	0.027	0.037	0.078	0.041	0.028	0.052	0.018	0.023	0.03	0.052	0.029	0.124	0.056	0.038	0.038	0.075	0.25	0.044	0.07	0.043	0.043	0.036	0.043	0.057	0.027	0.116	0.048	0.076	0.043	0.083	0.073	0.028	0.025	0.043	0.038	0.124	0.078	0.038	0.231	0.051	0.051	0.038	0.065	0.05	0.038	0.116	0.124	0.029	0.026	0.065	0.018	0.025	0.049	0.31	0.217	0.133	0.055	0.06	0.153	0.153	0.072	0.133	0.038	0.028	0.047	0.065	0.124	0.257	0.067	0.695	0.034	0.053	0.034	0.157	0.038	0.031	0.052	0.065	0.073	0.172	0.32	0.028	0.077	0.248	1	0.248	0.028
GO:0005996	0.063	0.069	0.037	0.053	0.095	0.046	0.052	0.078	0.051	0.059	0.071	0.055	0.046	0.092	0.092	0.102	0.084	0.045	0.083	0.065	0.056	0.071	0.052	0.13	0.11	0.061	0.13	0.264	0.169	0.102	0.062	0.047	0.083	0.052	0.032	0.13	0.018	0.051	0.071	0.13	0.033	0.13	0.067	0.102	0.102	0.176	0.204	0.046	0.071	0.096	0.096	0.057	0.096	0.068	0.06	0.117	0.054	0.081	0.096	0.092	0.181	0.032	0.068	0.096	0.102	0.13	0.083	0.102	0.306	0.046	0.072	0.063	0.083	0.056	0.102	0.117	0.13	0.04	0.045	0.083	0.053	0.054	0.071	0.278	0.362	0.172	0.065	0.056	0.173	0.173	0.172	0.172	0.102	0.044	0.11	0.124	0.13	0.105	0.067	0.347	0.086	0.061	0.053	0.123	0.102	0.058	0.13	0.083	0.076	0.203	0.265	0.064	0.228	0.224	0.248	1	0.083
GO:0060537	0.061	0.069	0.113	0.208	0.413	0.187	0.05	0.08	0.048	0.057	0.071	0.052	0.043	0.097	0.097	0.11	0.087	0.041	0.087	0.063	0.222	0.071	0.049	0.147	0.119	0.059	0.147	0.044	0.069	0.11	0.061	0.043	0.085	0.049	0.028	0.147	0.054	0.048	0.071	0.147	0.124	0.147	0.066	0.11	0.11	0.21	0.05	0.192	0.071	0.101	0.101	0.054	0.101	0.068	0.142	0.129	0.051	0.082	0.246	0.097	0.056	0.028	0.303	0.101	0.491	0.147	0.085	0.11	0.05	0.043	0.072	0.061	0.087	0.054	0.11	0.129	0.147	0.22	0.041	0.087	0.05	0.05	0.071	0.046	0.068	0.071	0.063	0.054	0.042	0.042	0.071	0.071	0.11	0.04	0.119	0.027	0.147	0.016	0.066	0.042	0.09	0.059	0.049	0.025	0.11	0.055	0.147	0.087	0.077	0.033	0.047	0.063	0.057	0.038	0.028	0.083	1
